0, 0
 2009[03] (iiffi)[11020992, 1021960, 1.0, 180.0, 10]
 1003[01] (BBBi)[1, 0, 0, 11020108]
 2009[03] (iiffi)[11020992, 1021960, 1.0, 180.0, 30]
 1003[01] (BBBi)[4, 0, 0, 11020300]
 1003[01] (BBBi)[2, 1, 0, 11020302]
 2005[07] (ii)[1021000, 11]
 1000[03] (B)[1]
 2005[07] (ii)[1021000, 12]
 2000[00] (iII)[0, 11020300, 0]
 2000[00] (iII)[0, 11025050, 0]
 2000[00] (iII)[0, 11020001, 0]
 2000[00] (iII)[0, 11020020, 0]
 2000[00] (iII)[0, 11020021, 0]
 2000[00] (iII)[0, 11020105, 0]
 2000[00] (iII)[0, 11020106, 0]
 2000[00] (iII)[0, 11020108, 0]
 2000[00] (iII|IIII)[0, 11020120, 11020120, 10010874, 1021465, 10010883, 2015]
 2000[00] (iII)[0, 11020350, 0]
 2000[00] (iII)[0, 11020351, 0]
 2000[00] (iII)[0, 11020352, 0]
 2000[00] (iII)[0, 11025150, 0]
 2000[00] (iII|I)[0, 11020700, 1021650, 11020700]
 2000[00] (iII|I)[1, 11020700, 1021651, 11020701]
 2000[00] (iII|I)[2, 11020700, 1021652, 11020702]
 2000[00] (iII|I)[3, 11020700, 1021653, 11020703]
 2000[00] (iII|III)[0, 11025200, 1020203, 1020203, 1082130432, 0]
 2000[00] (iII|III)[1, 11025200, 1020203, 1020204, 1082130432, 1063675494]
 2000[00] (iII|III)[2, 11025200, 1020205, 1020205, 1077936128, 0]
 2000[00] (iII|III)[3, 11025200, 1020205, 1020206, 1077936128, 1060320051]
 2000[00] (iII|III)[6, 11025200, 1020200, 1020200, 1093664768, 0]
 2000[00] (iII|III)[7, 11025200, 1020200, 1020201, 1093664768, 1069547520]
 2000[00] (iII|III)[8, 11025200, 1020202, 1020202, 1088421888, 0]
 2000[00] (iII|III)[9, 11025200, 1020202, 1020214, 1088421888, 1066192077]
 2000[00] (iII|III)[10, 11025200, 1020209, 1020209, 1093664768, 0]
 2000[00] (iII|III)[11, 11025200, 1020209, 1020210, 1093664768, 1061997773]
 2000[00] (iII|III)[12, 11025200, 1020209, 1020211, 1093664768, 1069547520]
 2000[00] (iII|III)[13, 11025200, 1020209, 1020212, 1093664768, 1074580685]
 2000[00] (iII|III)[14, 11025200, 1020213, 1020213, 1077936128, 0]

11020899, 0
 1003[06] (Bb)[0, 1]
 1003[01] (BBBi)[4, 1, 0, 11020898]
 2003[02] (iB)[11020898, 1]
 2005[07] (ii)[1021690, 0]
 2005[06] (iiB)[1021690, -1, 0]
 1000[04] (B)[0]
 1001[01] (i)[1]
 1003[01] (BBBi)[20, 0, 0, 11025300]
    5[02] (bi)[0, 11020704]
 1001[01] (i)[10]
 2005[04] (iB)[1021700, 1]
 2005[04] (iB)[1021701, 1]
 2005[04] (iB)[1021702, 1]
 2005[04] (iB)[1021703, 1]
 2005[04] (iB)[1021704, 1]
 2005[04] (iB)[1021705, 1]
 2005[04] (iB)[1021706, 1]
 2005[04] (iB)[1021707, 1]
 2005[15] (i)[1021700]
 2005[15] (i)[1021701]
 2005[15] (i)[1021702]
 2005[15] (i)[1021703]
 2005[15] (i)[1021704]
 2005[15] (i)[1021705]
 2005[15] (i)[1021706]
 2005[15] (i)[1021707]
 2003[22] (iiB)[0, 0, 1]
    ^(0 <- 0, 4)
    ^(4 <- 4, 4)
 1000[04] (B)[0]
 2005[07] (ii)[1021690, 0]
 2005[06] (iiB)[1021690, -1, 0]

11020800, 0
 1003[06] (Bb)[0, 1]
    3[00] (bBBi)[1, 1, 0, 0]
    ^(4 <- 0, 4)
    3[00] (bBBi)[1, 0, 0, 0]
    ^(4 <- 4, 4)
    3[16] (bBiB)[1, 0, 0, 0]
    ^(1 <- 8, 1)
    ^(4 <- 12, 4)
 1000[05] (Bbii)[1, 1, 50000082, 0]
    ^(8 <- 0, 4)
    3[16] (bBiB)[1, 3, 201, 0]
 1000[05] (Bbii)[1, 1, 8131, 0]
    ^(8 <- 0, 4)
    3[16] (bBiB)[1, 3, 203, 0]
 1000[05] (Bbii)[1, 1, 8132, 0]
    ^(8 <- 0, 4)
    3[16] (bBiB)[1, 3, 205, 0]
 1000[05] (Bbii)[1, 1, 8133, 0]
    ^(8 <- 0, 4)
    3[16] (bBiB)[1, 3, 207, 0]
 1000[05] (Bbii)[1, 1, 8134, 0]
    ^(8 <- 0, 4)
    3[16] (bBiB)[1, 3, 209, 0]
 1000[05] (Bbii)[1, 1, 8135, 0]
    ^(8 <- 0, 4)
    3[16] (bBiB)[1, 3, 211, 0]
 1000[05] (Bbii)[1, 1, 8136, 0]
    ^(8 <- 0, 4)
    3[16] (bBiB)[1, 3, 213, 0]
 1000[05] (Bbii)[1, 1, 8137, 0]
    ^(8 <- 0, 4)
    3[16] (bBiB)[1, 3, 215, 0]
 1000[02] (BBb)[0, 0, 1]
 2003[02] (iB)[11025300, 1]
    5[02] (bi)[0, 11020704]
 2003[02] (iB)[0, 0]
    ^(0 <- 16, 4)

50, 0
 2003[22] (iiB)[50004000, 50004069, 1]
 2000[00] (iII|IIII)[0, 11020800, 51010140, 703, 3, 2001, 50004000]
 2000[00] (iII|IIII)[1, 11020800, 11017140, 703, 3, 2002, 50004001]
 2000[00] (iII|IIII)[2, 11020800, 51500150, 703, 3, 2003, 50004002]
 2000[00] (iII|IIII)[3, 11020800, 51700990, 703, 3, 2004, 50004003]
 2000[00] (iII|IIII)[4, 11020800, 51700630, 703, 3, 2005, 50004004]
 2000[00] (iII|IIII)[5, 11020800, 51700590, 703, 3, 2006, 50004005]
 2000[00] (iII|IIII)[6, 11020800, 50001500, 703, 3, 2007, 50004006]
 2000[00] (iII|IIII)[7, 11020800, 51400500, 703, 3, 2008, 50004007]
 2000[00] (iII|IIII)[8, 11020800, 51100140, 703, 3, 2009, 50004008]
 2000[00] (iII|IIII)[9, 11020800, 51810000, 703, 3, 2010, 50004009]
 2000[00] (iII|IIII)[10, 11020800, 50001660, 703, 3, 2011, 50004010]
 2000[00] (iII|IIII)[11, 11020800, 50000080, 703, 3, 2012, 50004011]
 2000[00] (iII|IIII)[12, 11020800, 50000100, 703, 3, 2013, 50004012]
 2000[00] (iII|IIII)[13, 11020800, 50001510, 703, 3, 2014, 50004013]
 2000[00] (iII|IIII)[14, 11020800, 11027030, 11027030, 3, 2015, 50004014]
 2000[00] (iII|IIII)[15, 11020800, 51020210, 703, 3, 2016, 50004015]
 2000[00] (iII|IIII)[16, 11020800, 51010000, 703, 3, 2017, 50004016]
 2000[00] (iII|IIII)[17, 11020800, 51000240, 703, 3, 2018, 50004017]
 2000[00] (iII|IIII)[18, 11020800, 51200140, 703, 3, 2019, 50004018]
 2000[00] (iII|IIII)[19, 11020800, 51700210, 703, 3, 2020, 50004019]
 2000[00] (iII|IIII)[20, 11020800, 11017030, 703, 3, 2021, 50004020]
 2000[00] (iII|IIII)[21, 11020800, 50001560, 11800201, 3, 2500, 50004021]
 2000[00] (iII|IIII)[22, 11020800, 50001580, 11800202, 3, 2501, 50004022]
 2000[00] (iII|IIII)[23, 11020800, 50001630, 11800203, 3, 2502, 50004023]
 2000[00] (iII|IIII)[24, 11020800, 50001640, 11800204, 3, 2503, 50004024]
 2000[00] (iII|IIII)[25, 11020800, 50000090, 11800100, 3, 2510, 50004025]
 2000[00] (iII|IIII)[26, 11020800, 50001540, 703, 2, 138, 50004026]
 2000[00] (iII|IIII)[27, 11020800, 50001670, 703, 2, 139, 50004027]
 2000[00] (iII|IIII)[28, 11020800, 50000000, 703, 3, 100, 50004028]
 2000[00] (iII|IIII)[29, 11020800, 51100330, 703, 3, 101, 50004029]
 2000[00] (iII|IIII)[30, 11020800, 50000390, 703, 3, 102, 50004030]
 2000[00] (iII|IIII)[31, 11020800, 200, 703, 3, 103, 50004031]
 2000[00] (iII|IIII)[32, 11020800, 11017020, 703, 3, 106, 50004032]
 2000[00] (iII|IIII)[33, 11020800, 11607020, 703, 3, 108, 50004033]
 2000[00] (iII|IIII)[34, 11020800, 11407080, 703, 3, 112, 50004034]
 2000[00] (iII|IIII)[35, 11020800, 50000360, 703, 3, 113, 50004035]
 2000[00] (iII|IIII)[36, 11020800, 50000260, 703, 3, 114, 50004036]
 2000[00] (iII|IIII)[37, 11020800, 200, 703, 3, 117, 50004037]
 2000[00] (iII|IIII)[38, 11020800, 50000082, 8131, 3, 200, 50004038]
 2000[00] (iII|IIII)[39, 11020800, 8131, 8132, 3, 202, 50004039]
 2000[00] (iII|IIII)[40, 11020800, 8132, 8133, 3, 204, 50004040]
 2000[00] (iII|IIII)[41, 11020800, 8133, 8134, 3, 206, 50004041]
 2000[00] (iII|IIII)[42, 11020800, 8134, 8135, 3, 208, 50004042]
 2000[00] (iII|IIII)[43, 11020800, 8135, 8136, 3, 210, 50004043]
 2000[00] (iII|IIII)[44, 11020800, 8136, 8137, 3, 212, 50004044]
 2000[00] (iII|IIII)[45, 11020800, 8137, 703, 3, 214, 50004045]
 2000[00] (iII|IIII)[46, 11020800, 51810080, 703, 3, 384, 50004046]
 2000[00] (iII|IIII)[47, 11020800, 11017150, 703, 3, 2600, 50004047]
 2000[00] (iII|IIII)[48, 11020800, 11017160, 703, 3, 2601, 50004048]
 2000[00] (iII|IIII)[49, 11020800, 11017170, 703, 3, 2602, 50004049]
 2000[00] (iII|IIII)[50, 11020800, 50001550, 703, 3, 2607, 50004050]
 2000[00] (iII|IIII)[51, 11020800, 11007010, 703, 3, 2608, 50004051]
 2000[00] (iII|IIII)[52, 11020800, 50000360, 703, 2, 102, 50004052]
 2000[00] (iII|IIII)[53, 11020800, 50000160, 703, 2, 103, 50004053]
 2000[00] (iII|IIII)[54, 11020800, 50000260, 703, 3, 377, 50004054]
 2000[00] (iII|IIII)[55, 11020800, 50000270, 703, 3, 378, 50004055]
 2000[00] (iII|IIII)[56, 11020800, 51000500, 350, 3, 800, 50004056]
 2000[00] (iII|IIII)[57, 11020800, 51600500, 351, 3, 801, 50004057]
 2000[00] (iII|IIII)[58, 11020800, 51700600, 352, 3, 802, 50004058]
 2000[00] (iII|IIII)[59, 11020800, 51700530, 356, 3, 806, 50004059]
 2000[00] (iII|IIII)[60, 11020800, 51200500, 357, 3, 807, 50004060]
 2000[00] (iII|IIII)[61, 11020800, 51200141, 358, 3, 808, 50004061]
 2000[00] (iII|IIII)[62, 11020800, 51310500, 359, 3, 809, 50004062]
 2000[00] (iII|IIII)[63, 11020800, 51100370, 360, 3, 810, 50004063]
 2000[00] (iII|IIII)[64, 11020800, 51410100, 362, 3, 812, 50004064]
 2000[00] (iII|IIII)[65, 11020800, 51410530, 363, 3, 813, 50004065]
 2000[00] (iII|IIII)[66, 11020800, 11007020, 703, 3, 2100, 50004066]
 2000[00] (iII|IIII)[67, 11020800, 51210981, 703, 3, 2022, 50004067]
 2000[00] (iII|IIII)[68, 11020800, 51700930, 703, 3, 2520, 50004068]
 2000[00] (iII|IIII)[69, 11020800, 50001200, 703, 3, 118, 50004069]
 2000[00] (iII|I)[0, 11020899, 50004000, 50004069]
 2003[02] (iB)[11020120, 1]
 2003[02] (iB)[61020120, 1]
 2004[45] (ii)[6031, 8334]
 1003[01] (BBBi)[2, 1, 0, 1092]
 1003[01] (BBBi)[1, 1, 0, 1096]
 2004[05] (iB)[6031, 0]
 2000[00] (iII|I)[0, 11020510, 6031, 1096]
 2000[00] (iII|III)[0, 11020530, 6031, 1090, 1109, 1097]
 2000[00] (iII|III)[0, 11020550, 6031, 1090, 1109, 1092]
 2000[00] (iII|III)[0, 11020551, 6031, 1090, 1109, 1093]
 2004[45] (ii)[6041, 8342]
 1003[03] (BBBii)[1, 2, 0, 1112, 1114]
 2004[05] (iB)[6041, 0]
 2000[00] (iII|I)[1, 11020510, 6041, 1114]
 2000[00] (iII|III)[1, 11020530, 6041, 1110, 1119, 1115]
 2000[00] (iII|III)[0, 11020552, 6041, 1110, 1119, 1112]
 2000[00] (iII|III)[0, 11020553, 6041, 1110, 1119, 1113]
 2000[00] (iII|III)[0, 11020554, 6041, 1110, 1119, 1117]
 2000[00] (iII)[0, 11020110, 0]
 2000[00] (iII|III)[0, 11020555, 6060, 1140, 1169, 1141]
 2000[00] (iII|III)[0, 11020556, 6060, 1140, 1169, 1146]
 2000[00] (iII|III)[0, 11020557, 6060, 1140, 1169, 1142]
 2000[00] (iII|III)[0, 11020558, 6060, 1140, 1169, 1145]
 2004[45] (ii)[6070, 8358]
 1003[01] (BBBi)[1, 1, 0, 1171]
 2004[05] (iB)[6070, 0]
 2000[00] (iII)[0, 11020501, 0]
 2000[00] (iII)[0, 11020559, 0]
 2000[00] (iII)[0, 11020560, 0]
 2000[00] (iII|III)[2, 11020530, 6070, 1170, 1180, 1177]
 2004[45] (ii)[6080, 8366]
 1003[01] (BBBi)[1, 1, 0, 1192]
 1000[03] (B)[1]
 2004[05] (iB)[6080, 0]
 2000[00] (iII|III)[0, 11020564, 6080, 1190, 1209, 1193]
 2000[00] (iII|III)[0, 11020565, 6080, 1190, 1209, 1194]
 2000[00] (iII|I)[0, 11020502, 6080, 1197]
 2000[00] (iII|I)[0, 11020503, 6080, 1195]
 2000[00] (iII|III)[0, 11020569, 6080, 1190, 1209, 1198]
 2000[00] (iII|III)[0, 11020567, 6080, 1190, 1209, 1196]
 2004[45] (ii)[6090, 8374]
 1003[01] (BBBi)[1, 1, 0, 1211]
 2004[05] (iB)[6090, 0]
 2000[00] (iII|III)[4, 11020530, 6090, 1210, 1219, 1214]
 2004[45] (ii)[6100, 8382]
 1003[01] (BBBi)[1, 1, 0, 1221]
 2004[05] (iB)[6100, 0]
 2000[00] (iII|III)[5, 11020530, 6100, 1220, 1229, 1224]
 2004[45] (ii)[6131, 8390]
 1003[01] (BBBi)[2, 1, 0, 1252]
 1003[01] (BBBi)[1, 1, 0, 1253]
 2004[05] (iB)[6131, 0]
 2000[00] (iII|I)[6, 11020510, 6131, 1253]
 2000[00] (iII|III)[6, 11020530, 6131, 1250, 1259, 1254]
 2000[00] (iII|III)[0, 11020574, 6131, 1250, 1259, 1252]
 2000[00] (iII|III)[0, 11020575, 6131, 1250, 1259, 1256]
 2004[45] (ii)[6181, 8406]
 1003[01] (BBBi)[2, 1, 0, 1314]
 1003[01] (BBBi)[1, 1, 0, 1313]
 2004[05] (iB)[6181, 0]
 2000[00] (iII|I)[7, 11020510, 6181, 1314]
 2000[00] (iII|III)[7, 11020530, 6181, 1310, 1319, 1315]
 2000[00] (iII|III)[0, 11020576, 6181, 1310, 1319, 1313]
 2000[00] (iII|I)[8, 11020504, 6240, 1411]
 2000[00] (iII|III)[8, 11020530, 6240, 1410, 1413, 1412]
 2004[45] (ii)[6261, 8430]
 1003[01] (BBBi)[2, 1, 0, 1434]
 1003[01] (BBBi)[1, 1, 0, 1431]
 2004[05] (iB)[6261, 0]
 2000[00] (iII|I)[9, 11020510, 6261, 1434]
 2000[00] (iII|I)[0, 11020413, 6261, 1435]
 2000[00] (iII|III)[0, 11020412, 6261, 1430, 1459, 1431]
 2004[45] (ii)[6270, 8438]
 1003[01] (BBBi)[2, 1, 0, 1464]
 1003[01] (BBBi)[1, 1, 0, 1462]
 1000[03] (B)[1]
 2004[05] (iB)[6270, 0]
 2000[00] (iII|I)[10, 11020510, 6270, 1461]
 2000[00] (iII|III)[10, 11020530, 6270, 1460, 1464, 1462]
 2000[00] (iII|III)[0, 11020577, 6270, 1460, 1464, 1464]
 2004[45] (ii)[6287, 8446]
 1003[01] (BBBi)[2, 1, 0, 1512]
 1003[01] (BBBi)[1, 1, 0, 1497]
 2004[05] (iB)[6287, 0]
 2000[00] (iII|I)[11, 11020510, 6287, 1512]
 2000[00] (iII|III)[11, 11020530, 6287, 1490, 1514, 1513]
 2000[00] (iII|III)[0, 11020579, 6287, 1490, 1514, 1497]
 2004[45] (ii)[6292, 8454]
 1003[01] (BBBi)[3, 1, 0, 1547]
 1003[01] (BBBi)[2, 1, 0, 1545]
 1003[01] (BBBi)[1, 1, 0, 1543]
 2004[05] (iB)[6292, 0]
 2000[00] (iII|I)[12, 11020510, 6292, 1547]
 2000[00] (iII|III)[12, 11020530, 6292, 1540, 1569, 1548]
 2000[00] (iII|III)[0, 11020583, 6292, 1540, 1569, 1543]
 2000[00] (iII|III)[0, 11020584, 6292, 1540, 1569, 1544]
 2000[00] (iII|III)[0, 11020585, 6292, 1540, 1569, 1545]
 2000[00] (iII)[0, 11020586, 6292]
 2004[45] (ii)[6301, 8462]
 1003[01] (BBBi)[3, 1, 0, 1572]
 1003[01] (BBBi)[2, 1, 0, 1574]
 1003[01] (BBBi)[1, 1, 0, 1577]
 2004[05] (iB)[6301, 0]
 2000[00] (iII|I)[13, 11020510, 6301, 1574]
 2000[00] (iII|III)[13, 11020530, 6301, 1570, 1599, 1575]
 2000[00] (iII|III)[0, 11020587, 6301, 1570, 1599, 1572]
 1003[01] (BBBi)[1, 0, 0, 11020690]
 2000[00] (iII|IIIII)[0, 11020588, 6301, 1570, 1599, 1573, 1572, 1577]
 2000[00] (iII|III)[0, 11020589, 6301, 1570, 1599, 1577]
 2000[00] (iII|III)[0, 11020410, 6301, 1570, 1599, 1578]
 2004[45] (ii)[6322, 8478]
 1003[01] (BBBi)[2, 1, 0, 1627]
 1003[01] (BBBi)[1, 1, 0, 1626]
 2004[05] (iB)[6322, 0]
 2000[00] (iII|I)[14, 11020510, 6322, 1627]
 2000[00] (iII|III)[14, 11020530, 6322, 1620, 1629, 1628]
 2000[00] (iII|III)[0, 11020411, 6322, 1620, 1629, 1626]
 1003[01] (BBBi)[2, 0, 0, 15]
 2004[05] (iB)[6330, 0]
 1003[01] (BBBi)[14, 1, 0, 15]
 2004[12] (iB)[6330, 1]
 2004[10] (iB)[6330, 0]
 1003[01] (BBBi)[2, 1, 0, 1647]
 1003[01] (BBBi)[1, 1, 0, 1640]
 1000[03] (B)[1]
 2004[05] (iB)[6330, 0]
 2000[00] (iII|III)[0, 11020420, 6330, 1640, 1649, 1641]
 2000[00] (iII|III)[0, 11020421, 6330, 1640, 1649, 1642]
 2000[00] (iII|III)[0, 11020422, 6330, 1640, 1649, 1643]
 2000[00] (iII|III)[0, 11020423, 6330, 1640, 1649, 1644]
 2000[00] (iII|III)[0, 11020424, 6330, 1640, 1649, 1647]
 2000[00] (iII|III)[0, 11020425, 6330, 1640, 1649, 1647]
 2000[00] (iII)[0, 11026200, 0]
 2000[00] (iII)[0, 11026210, 0]

11020300, 0
 1003[01] (BBBi)[2, 0, 1, 0]
 2000[00] (iII)[0, 11020301, 0]
 1000[04] (B)[0]
    3[00] (bBBi)[1, 0, 1, 0]
    3[02] (bBii)[1, 1, 10000, 1022003]
    0[00] (bBb)[0, 1, 1]
 2003[02] (iB)[11020300, 1]
 2003[02] (iB)[11020302, 1]
 2003[18] (iiBBB)[1021000, 0, 0, 1, 0]
    3[02] (bBii)[2, 0, 10000, 1022001]
    3[02] (bBii)[2, 0, 10000, 1022002]
    0[00] (bBb)[0, 1, 2]
 2003[18] (iiBBB)[1021000, 22, 0, 1, 0]
 1000[04] (B)[1]

11020301, 0
    3[06] (bb)[1, 3]
    3[00] (bBBi)[1, 0, 0, 11020302]
    3[02] (bBii)[1, 1, 10000, 1022000]
    3[06] (bb)[2, 3]
    3[00] (bBBi)[2, 1, 0, 11020302]
    3[02] (bBii)[2, 1, 10000, 1022001]
    3[06] (bb)[3, 3]
    3[00] (bBBi)[3, 1, 0, 11020302]
    3[02] (bBii)[3, 1, 10000, 1022002]
    3[06] (bb)[4, 3]
    3[00] (bBBi)[4, 0, 0, 11020302]
    3[02] (bBii)[4, 1, 10000, 1022003]
    0[00] (bBb)[-1, 1, 1]
    0[00] (bBb)[-1, 1, 2]
    0[00] (bBb)[-1, 1, 3]
    0[00] (bBb)[-1, 1, 4]
    0[00] (bBb)[0, 1, -1]
 1000[09] (f)[3.0]
 1000[07] (BBb)[8, 1, 2]
 1000[07] (BBb)[7, 1, 3]
 2003[02] (iB)[11020302, 1]
 2003[18] (iiBBB)[1021000, 2, 0, 1, 0]
    3[02] (bBii)[5, 0, 10000, 1022001]
    3[02] (bBii)[5, 0, 10000, 1022002]
    0[00] (bBb)[0, 1, 5]
 2003[18] (iiBBB)[1021000, 22, 0, 1, 0]
 1000[04] (B)[1]
 2003[02] (iB)[11020302, 0]
 2003[18] (iiBBB)[1021000, 1, 0, 1, 0]
    3[02] (bBii)[6, 0, 10000, 1022000]
    3[02] (bBii)[6, 0, 10000, 1022003]
    0[00] (bBb)[0, 1, 6]
 2003[18] (iiBBB)[1021000, 21, 0, 1, 0]
 1000[04] (B)[1]

11025050, 1
 2004[12] (iB)[1020100, 1]
    4[02] (bibf)[0, 1020100, 5, 0.30000001192092896]
 2003[18] (iiBBB)[1020100, 7000, 0, 1, 0]
 2004[05] (iB)[1020100, 0]

11020001, 0
 2000[02] (B)[0]
 1003[02] (BBBi)[0, 1, 1, 0]
 1003[07] (BBBB)[2, 1, 18, 1]
    3[08] (bBBB)[0, 1, 10, 2]
 2003[02] (iB)[11810000, 1]
 2004[29] (iB)[6031, 1]
 2004[29] (iB)[6041, 1]
 2004[29] (iB)[6060, 1]
 2004[29] (iB)[6070, 1]
 2004[29] (iB)[6090, 1]
 2004[29] (iB)[6100, 1]
 2004[29] (iB)[6131, 1]
 2004[29] (iB)[6181, 1]
 2004[29] (iB)[6240, 1]
 2004[29] (iB)[6261, 1]
 2004[29] (iB)[6287, 1]
 2004[29] (iB)[6292, 1]
 2004[29] (iB)[6301, 1]
 2004[29] (iB)[6322, 1]
 2004[29] (iB)[6330, 1]
 2010[03] (iB)[1023800, 0]
    3[00] (bBBi)[0, 1, 0, 11810000]
 2010[03] (iB)[1023800, 1]
 2003[02] (iB)[11020001, 1]
 1001[00] (f)[3.0]
 2004[29] (iB)[6031, 0]
 2004[29] (iB)[6041, 0]
 2004[29] (iB)[6060, 0]
 2004[29] (iB)[6070, 0]
 2004[29] (iB)[6090, 0]
 2004[29] (iB)[6100, 0]
 2004[29] (iB)[6131, 0]
 2004[29] (iB)[6181, 0]
 2004[29] (iB)[6240, 0]
 2004[29] (iB)[6261, 0]
 2004[29] (iB)[6287, 0]
 2004[29] (iB)[6292, 0]
 2004[29] (iB)[6301, 0]
 2004[29] (iB)[6322, 0]
 2004[29] (iB)[6330, 0]
 2003[02] (iB)[200, 1]

11025200, 1
 1003[01] (BBBi)[2, 0, 2, 0]
 2004[09] (iiiiii)[0, -1, -1, -1, -1, -1]
    ^(0 <- 4, 4)
 1000[04] (B)[0]
    3[03] (bBiif)[0, 1, 10000, 0, 0.0]
    ^(8 <- 0, 4)
    ^(12 <- 8, 4)
 2000[02] (B)[0]
 1001[00] (f)[0.0]
    ^(0 <- 12, 4)
 2004[09] (iiiiii)[0, -1, -1, 9061, -1, -1]
    ^(0 <- 4, 4)

11020020, 0
    3[05] (biifhfiBi)[0, 1, 1022120, 0.0, -1, 0.0, 10010506, 48, 0]
 2004[09] (iiiiii)[10000, 7816, -1, -1, -1, -1]
 2003[18] (iiBBB)[10000, 7815, 0, 1, 0]
 2003[02] (iB)[11025060, 1]
 1001[01] (i)[3]
    3[05] (biifhfiBi)[1, 1, 1022120, 0.0, -1, 0.0, 10010507, 48, 0]
    3[02] (bBii)[2, 0, 10000, 1022120]
    0[00] (bBb)[-1, 1, 1]
    0[00] (bBb)[-1, 1, 2]
    0[00] (bBb)[0, 1, -1]
 2003[02] (iB)[11025060, 0]
 2003[08] (iiB)[11020021, 0, 1]
 2004[09] (iiiiii)[10000, -1, -1, -1, -1, -1]
 1000[07] (BBb)[1, 1, 2]
 2003[18] (iiBBB)[10000, 7817, 0, 1, 0]
 1000[04] (B)[1]

11020021, 0
 2000[02] (B)[0]
    3[00] (bBBi)[0, 1, 0, 11025060]
 1003[01] (BBBi)[1, 1, 0, 11020000]
 1001[00] (f)[20.0]
 2002[04] (iIiBBi)[100230, 0, 1812110, 18, 1, 10000]
 2002[03] (iIi)[180130, 0, 10000]
 1001[01] (i)[1]
 2003[02] (iB)[11020000, 1]
 2003[02] (iB)[11025060, 0]
 2004[09] (iiiiii)[10000, -1, -1, -1, -1, -1]
 1000[04] (B)[1]

11020105, 0
 2005[04] (iB)[1021300, 0]
 2005[03] (iB)[1021961, 0]
 1003[02] (BBBi)[0, 1, 0, 11020108]
 1003[01] (BBBi)[5, 1, 0, 11020101]
    3[00] (bBBi)[0, 1, 0, 11020100]
 2003[02] (iB)[102, 1]
 2005[04] (iB)[1021300, 1]
    3[00] (bBBi)[0, 1, 0, 11020101]
 2003[02] (iB)[102, 0]
    3[00] (bBBi)[0, 1, 0, 11020108]
 2009[03] (iiffi)[11020992, 1021960, 1.0, 180.0, 30]

11020106, 0
 2000[02] (B)[0]
    3[00] (bBBi)[1, 1, 0, 11020100]
    3[00] (bBBi)[1, 0, 0, 11020101]
    3[05] (biifhfiBi)[1, 0, 1021960, 180.0, -1, 3.4000000953674316, 10010182, 48, 0]
    0[00] (bBb)[0, 1, 1]
 2007[01] (ihhif)[10010184, 0, 6, 1021960, 3.4000000953674316]
 1000[04] (B)[1]

11020108, 0
 1003[02] (BBBi)[0, 1, 1, 0]
    3[00] (bBBi)[-1, 1, 0, 71020022]
    3[00] (bBBi)[-1, 1, 0, 71020023]
    0[00] (bBb)[0, 1, -1]
 1000[04] (B)[0]

11020120, 0
 1003[01] (BBBi)[5, 0, 2, 0]
 2005[14] (iiiB)[0, -1, 0, 0]
    ^(0 <- 8, 4)
 2005[14] (iiiB)[0, -1, 1, 0]
    ^(0 <- 8, 4)
 2005[14] (iiiB)[0, -1, 2, 0]
    ^(0 <- 8, 4)
 2005[14] (iiiB)[0, -1, 3, 0]
    ^(0 <- 8, 4)
 1000[04] (B)[0]
    3[06] (bb)[1, 0]
    5[02] (bi)[1, 0]
    ^(4 <- 0, 4)
    0[00] (bBb)[0, 1, 1]
 2003[02] (iB)[0, 1]
    ^(0 <- 0, 4)
 1003[05] (Bb)[5, 1]
    3[04] (bBiB)[1, 3, 0, 1]
    ^(4 <- 16, 4)
 1000[01] (BBb)[2, 1, 1]
 2007[01] (ihhif)[0, 0, 6, -1, 3.0]
    ^(8 <- 8, 4)
    ^(0 <- 12, 4)
 1000[03] (B)[1]
 2007[01] (ihhif)[0, 0, 6, -1, 3.0]
    ^(0 <- 4, 4)
    ^(8 <- 8, 4)
 2000[02] (B)[0]
 1001[00] (f)[2.0]
 2005[14] (iiiB)[0, -1, 0, 0]
    ^(0 <- 8, 4)
 2005[14] (iiiB)[0, -1, 1, 0]
    ^(0 <- 8, 4)
 2005[14] (iiiB)[0, -1, 2, 0]
    ^(0 <- 8, 4)
 2005[14] (iiiB)[0, -1, 3, 0]
    ^(0 <- 8, 4)

11020350, 0
 1003[01] (BBBi)[7, 1, 1, 0]
 2005[03] (iB)[1021481, 0]
 2011[01] (iB)[1023510, 0]
    3[00] (bBBi)[1, 1, 0, 11010700]
    3[00] (bBBi)[1, 1, 0, 11400200]
    0[00] (bBb)[0, 1, 1]
 2005[03] (iB)[1021481, 1]
 2011[01] (iB)[1023510, 1]
 2005[03] (iB)[1021480, 0]
 2011[01] (iB)[1023500, 0]
 2012[01] (iB)[1023501, 0]
 2011[01] (iB)[1023502, 0]

11020351, 0
 1003[01] (BBBi)[2, 0, 0, 0]
 2011[01] (iB)[0, 0]
 2011[01] (iB)[0, 0]
    3[02] (bBii)[0, 1, 10000, 1022111]
 1003[01] (BBBi)[2, 1, 0, 710]
 2004[04] (iB)[10000, 0]
 1000[04] (B)[0]
 2002[04] (iIiBBi)[180060, 0, 1802110, 18, 0, 10000]
 1001[01] (i)[1]
 1000[04] (B)[1]

11020352, 0
    3[00] (bBBi)[0, 1, 0, 710]
 2011[01] (iB)[1023600, 0]
 2011[01] (iB)[1023601, 0]

11020700, 0
 1003[01] (BBBi)[4, 0, 2, 0]
 2005[07] (ii)[0, 0]
    ^(0 <- 0, 4)
 2005[06] (iiB)[0, -1, 0]
    ^(0 <- 0, 4)
 2005[04] (iB)[0, 1]
    ^(0 <- 0, 4)
 1000[04] (B)[0]
 2005[04] (iB)[0, 0]
    ^(0 <- 0, 4)
    5[02] (bi)[0, 0]
    ^(4 <- 4, 4)
 1001[01] (i)[10]
 2005[04] (iB)[0, 1]
    ^(0 <- 0, 4)

11025150, 1
    3[02] (bBii)[0, 1, 10000, 1022710]
 2004[17] (iiB)[1020190, 1, 3]
 2004[17] (iiB)[1020160, 1, 3]
 2004[17] (iiB)[1020161, 1, 3]
 2004[17] (iiB)[1020163, 1, 3]
 2004[17] (iiB)[1020165, 1, 3]
 2004[17] (iiB)[1020166, 1, 3]
 2004[20] (i)[1020190]
 2004[20] (i)[1020160]
 2004[20] (i)[1020161]
 2004[20] (i)[1020163]
 2004[20] (i)[1020165]
 2004[20] (i)[1020166]
    3[02] (bBii)[0, 0, 10000, 1022710]
 2004[17] (iiB)[1020190, -1, 3]
 2004[17] (iiB)[1020160, -1, 3]
 2004[17] (iiB)[1020161, -1, 3]
 2004[17] (iiB)[1020163, -1, 3]
 2004[17] (iiB)[1020165, -1, 3]
 2004[17] (iiB)[1020166, -1, 3]
 2004[20] (i)[1020190]
 2004[20] (i)[1020160]
 2004[20] (i)[1020161]
 2004[20] (i)[1020163]
 2004[20] (i)[1020165]
 2004[20] (i)[1020166]
 1000[04] (B)[1]

11020510, 0
    4[02] (bibf)[1, 0, 5, 0.8999999761581421]
    ^(4 <- 0, 4)
    4[02] (bibf)[1, 0, 2, 0.0]
    ^(4 <- 0, 4)
    4[01] (bii)[1, 0, 10000]
    ^(4 <- 0, 4)
    3[00] (bBBi)[2, 1, 0, 0]
    ^(4 <- 4, 4)
    3[00] (bBBi)[2, 1, 2, 0]
    3[00] (bBBi)[3, 1, 0, 0]
    ^(4 <- 4, 4)
    3[00] (bBBi)[3, 0, 2, 0]
    0[00] (bBb)[-1, 1, 1]
    0[00] (bBb)[-1, 1, 2]
    0[00] (bBb)[-1, 1, 3]
    0[00] (bBb)[0, 1, -1]
 1000[07] (BBb)[2, 0, 3]
 2004[05] (iB)[0, 0]
    ^(0 <- 0, 4)
    3[00] (bBBi)[0, 1, 0, 703]
 2003[02] (iB)[0, 1]
    ^(0 <- 4, 4)
 2004[02] (iB)[0, 9]
    ^(0 <- 0, 4)
 2000[05] (B)[0]

11020530, 0
 1003[01] (BBBi)[2, 0, 2, 0]
 2004[37] (i)[0]
    ^(0 <- 0, 4)
 1000[04] (B)[0]
    4[02] (bibf)[1, 0, 5, 0.0]
    ^(4 <- 0, 4)
    3[02] (bBii)[2, 1, 0, 1022300]
    ^(4 <- 0, 4)
    0[00] (bBb)[-1, 1, 1]
    0[00] (bBb)[-1, 1, 2]
    0[00] (bBb)[0, 1, -1]
 1000[07] (BBb)[2, 1, 1]
 2004[04] (iB)[0, 1]
    ^(0 <- 0, 4)
 2004[10] (iB)[0, 0]
    ^(0 <- 0, 4)
 2003[22] (iiB)[0, 0, 0]
    ^(0 <- 4, 4)
    ^(4 <- 8, 4)
 2003[02] (iB)[0, 1]
    ^(0 <- 12, 4)

11020501, 0
    3[00] (bBBi)[1, 1, 0, 11010902]
    3[00] (bBBi)[1, 0, 0, 11020693]
    3[00] (bBBi)[1, 0, 0, 1176]
    3[01] (bBBii)[1, 1, 0, 1193, 1196]
    4[02] (bibf)[2, 6070, 5, 0.8999999761581421]
 1003[01] (BBBi)[1, 1, 0, 1177]
    4[01] (bii)[2, 6070, 10000]
    4[02] (bibf)[3, 6080, 5, 0.8999999761581421]
 1003[01] (BBBi)[1, 1, 0, 1198]
    4[01] (bii)[3, 6080, 10000]
    4[02] (bibf)[4, 6090, 5, 0.8999999761581421]
 1003[01] (BBBi)[1, 1, 0, 1214]
    4[01] (bii)[4, 6090, 10000]
    4[02] (bibf)[5, 6100, 5, 0.8999999761581421]
 1003[01] (BBBi)[1, 1, 0, 1224]
    4[01] (bii)[5, 6100, 10000]
    3[00] (bBBi)[6, 1, 0, 1197]
    0[00] (bBb)[-1, 1, 2]
    0[00] (bBb)[-1, 1, 3]
    0[00] (bBb)[-1, 1, 4]
    0[00] (bBb)[-1, 1, 5]
    0[00] (bBb)[-1, 1, 6]
    0[00] (bBb)[1, 1, -1]
    3[00] (bBBi)[7, 1, 1, 0]
    0[00] (bBb)[-2, 1, 1]
    0[00] (bBb)[-2, 1, 7]
    0[00] (bBb)[0, 1, -2]
 1003[01] (BBBi)[2, 1, 0, 1177]
 2003[02] (iB)[1176, 1]
 2004[05] (iB)[6070, 1]
 2004[02] (iB)[6070, 9]
 1003[01] (BBBi)[2, 1, 0, 1198]
 2003[02] (iB)[1197, 1]
 2004[05] (iB)[6080, 1]
 2004[02] (iB)[6080, 9]
 1003[01] (BBBi)[2, 1, 0, 1214]
 2003[02] (iB)[1213, 1]
 2004[05] (iB)[6090, 1]
 2004[02] (iB)[6090, 9]
 1003[01] (BBBi)[2, 1, 0, 1224]
 2003[02] (iB)[1223, 1]
 2004[05] (iB)[6100, 1]
 2004[02] (iB)[6100, 9]
 2000[05] (B)[0]

11020502, 0
    3[00] (bBBi)[7, 0, 0, 11010902]
    3[00] (bBBi)[7, 0, 0, 1195]
    3[00] (bBBi)[7, 0, 0, 1197]
    3[00] (bBBi)[7, 1, 0, 1202]
    3[00] (bBBi)[6, 1, 0, 11010902]
    3[00] (bBBi)[6, 0, 0, 1195]
    3[00] (bBBi)[6, 0, 0, 1197]
    3[00] (bBBi)[6, 1, 0, 1193]
    0[00] (bBb)[-2, 1, 7]
    0[00] (bBb)[-2, 1, 6]
    0[00] (bBb)[1, 1, -2]
    4[02] (bibf)[1, 0, 5, 0.8999999761581421]
    ^(4 <- 0, 4)
    4[02] (bibf)[1, 0, 2, 0.0]
    ^(4 <- 0, 4)
    4[01] (bii)[1, 0, 10000]
    ^(4 <- 0, 4)
    3[00] (bBBi)[1, 0, 1, 0]
    3[00] (bBBi)[2, 1, 0, 0]
    ^(4 <- 4, 4)
    3[00] (bBBi)[2, 1, 1, 0]
    0[00] (bBb)[-1, 1, 1]
    0[00] (bBb)[-1, 1, 2]
    0[00] (bBb)[0, 1, -1]
 2003[02] (iB)[0, 1]
    ^(0 <- 4, 4)
 2004[02] (iB)[0, 9]
    ^(0 <- 0, 4)
 2000[05] (B)[0]

11020503, 0
    3[00] (bBBi)[1, 0, 0, 1197]
    3[00] (bBBi)[1, 1, 0, 1194]
    4[02] (bibf)[1, 0, 5, 0.8999999761581421]
    ^(4 <- 0, 4)
    4[02] (bibf)[1, 0, 2, 0.0]
    ^(4 <- 0, 4)
    4[01] (bii)[1, 0, 10000]
    ^(4 <- 0, 4)
    3[00] (bBBi)[2, 1, 0, 0]
    ^(4 <- 4, 4)
    3[00] (bBBi)[2, 1, 1, 0]
    0[00] (bBb)[-1, 1, 1]
    0[00] (bBb)[-1, 1, 2]
    0[00] (bBb)[0, 1, -1]
 2003[02] (iB)[0, 1]
    ^(0 <- 4, 4)
 2004[02] (iB)[0, 9]
    ^(0 <- 0, 4)
 2000[05] (B)[0]

11020504, 0
    3[00] (bBBi)[1, 0, 0, 1411]
    4[02] (bibf)[1, 0, 5, 0.8999999761581421]
    ^(4 <- 0, 4)
    4[02] (bibf)[1, 0, 2, 0.0]
    ^(4 <- 0, 4)
    4[01] (bii)[1, 0, 10000]
    ^(4 <- 0, 4)
    3[00] (bBBi)[2, 1, 0, 0]
    ^(4 <- 4, 4)
    0[00] (bBb)[-1, 1, 1]
    0[00] (bBb)[-1, 1, 2]
    0[00] (bBb)[0, 1, -1]
 1000[07] (BBb)[3, 1, 1]
 2004[41] (iBii)[0, 1, 1022700, -1]
    ^(0 <- 0, 4)
 2004[13] (ii)[0, 1022700]
    ^(0 <- 0, 4)
 1000[04] (B)[0]
 2004[02] (iB)[0, 6]
    ^(0 <- 0, 4)
 2004[13] (ii)[0, 1022700]
    ^(0 <- 0, 4)
 2004[17] (iiB)[0, 1, 0]
    ^(0 <- 0, 4)
 2004[20] (i)[0]
    ^(0 <- 0, 4)
    3[02] (bBii)[0, 1, 0, 1022700]
    ^(4 <- 0, 4)
 2004[17] (iiB)[0, -1, 0]
    ^(0 <- 0, 4)
 2004[20] (i)[0]
    ^(0 <- 0, 4)
 2003[02] (iB)[0, 1]
    ^(0 <- 4, 4)

11020550, 0
    3[00] (bBBi)[1, 0, 0, 1096]
    3[00] (bBBi)[1, 0, 0, 1099]
    3[00] (bBBi)[1, 1, 0, 1091]
    3[00] (bBBi)[1, 1, 0, 11500594]
    0[00] (bBb)[0, 1, 1]
 2003[22] (iiB)[0, 0, 0]
    ^(0 <- 4, 4)
    ^(4 <- 8, 4)
 2003[02] (iB)[0, 1]
    ^(0 <- 12, 4)
 2004[05] (iB)[0, 1]
    ^(0 <- 0, 4)

11020551, 0
    3[00] (bBBi)[1, 0, 0, 1096]
    3[00] (bBBi)[1, 0, 0, 1099]
    3[00] (bBBi)[1, 1, 0, 1092]
    3[00] (bBBi)[1, 1, 0, 11020603]
    3[08] (bBBB)[1, 0, 10, 2]
    0[00] (bBb)[0, 1, 1]
 2003[22] (iiB)[0, 0, 0]
    ^(0 <- 4, 4)
    ^(4 <- 8, 4)
 2003[02] (iB)[0, 1]
    ^(0 <- 12, 4)
 2003[02] (iB)[11020694, 1]
 2004[05] (iB)[0, 0]
    ^(0 <- 0, 4)

11020552, 0
    3[00] (bBBi)[1, 0, 0, 1114]
    3[00] (bBBi)[1, 0, 0, 1117]
    3[00] (bBBi)[1, 1, 0, 1111]
    3[08] (bBBB)[1, 1, 10, 2]
    0[00] (bBb)[0, 1, 1]
 2003[22] (iiB)[0, 0, 0]
    ^(0 <- 4, 4)
    ^(4 <- 8, 4)
 2003[02] (iB)[0, 1]
    ^(0 <- 12, 4)
 2004[05] (iB)[0, 1]
    ^(0 <- 0, 4)

11020553, 0
    3[00] (bBBi)[1, 0, 0, 1114]
    3[00] (bBBi)[1, 0, 0, 1117]
    3[00] (bBBi)[1, 1, 0, 1112]
    3[00] (bBBi)[1, 1, 0, 11020694]
    0[00] (bBb)[0, 1, 1]
 2003[22] (iiB)[0, 0, 0]
    ^(0 <- 4, 4)
    ^(4 <- 8, 4)
 2003[02] (iB)[0, 1]
    ^(0 <- 12, 4)
 2004[05] (iB)[0, 1]
    ^(0 <- 0, 4)

11020554, 0
    3[00] (bBBi)[1, 0, 0, 1114]
    3[00] (bBBi)[1, 0, 0, 1117]
    3[00] (bBBi)[1, 1, 0, 1113]
    3[00] (bBBi)[1, 1, 0, 723]
    3[08] (bBBB)[1, 1, 15, 0]
 1000[02] (BBb)[0, 0, 1]
 2003[22] (iiB)[0, 0, 0]
    ^(0 <- 4, 4)
    ^(4 <- 8, 4)
 2003[02] (iB)[0, 1]
    ^(0 <- 12, 4)
 2004[05] (iB)[0, 0]
    ^(0 <- 0, 4)

11020555, 0
    3[00] (bBBi)[1, 1, 0, 1140]
    3[00] (bBBi)[1, 0, 0, 1574]
    3[00] (bBBi)[1, 0, 0, 1575]
    3[00] (bBBi)[2, 1, 0, 812]
    3[00] (bBBi)[2, 1, 0, 813]
    0[00] (bBb)[-1, 1, 2]
    3[00] (bBBi)[-1, 1, 0, 11500200]
    0[00] (bBb)[1, 1, -1]
    4[00] (biB)[1, 0, 0]
    ^(4 <- 0, 4)
    0[00] (bBb)[0, 1, 1]
 2003[22] (iiB)[0, 0, 0]
    ^(0 <- 4, 4)
    ^(4 <- 8, 4)
 2003[02] (iB)[0, 1]
    ^(0 <- 12, 4)

11020556, 0
    3[00] (bBBi)[1, 1, 0, 1141]
    3[00] (bBBi)[1, 1, 0, 810]
    4[00] (biB)[1, 0, 0]
    ^(4 <- 0, 4)
    0[00] (bBb)[0, 1, 1]
 2003[22] (iiB)[0, 0, 0]
    ^(0 <- 4, 4)
    ^(4 <- 8, 4)
 2003[02] (iB)[0, 1]
    ^(0 <- 12, 4)

11020557, 0
    3[00] (bBBi)[1, 1, 0, 1146]
    3[00] (bBBi)[1, 1, 0, 11020609]
    4[00] (biB)[1, 0, 0]
    ^(4 <- 0, 4)
    0[00] (bBb)[0, 1, 1]
 2003[22] (iiB)[0, 0, 0]
    ^(0 <- 4, 4)
    ^(4 <- 8, 4)
 2003[02] (iB)[0, 1]
    ^(0 <- 12, 4)

11020558, 0
    3[00] (bBBi)[1, 1, 0, 1142]
    3[00] (bBBi)[1, 1, 0, 11800200]
    4[00] (biB)[1, 0, 0]
    ^(4 <- 0, 4)
    0[00] (bBb)[0, 1, 1]
 2003[22] (iiB)[0, 0, 0]
    ^(0 <- 4, 4)
    ^(4 <- 8, 4)
 2003[02] (iB)[0, 1]
    ^(0 <- 12, 4)

11020559, 0
    3[00] (bBBi)[1, 1, 0, 1170]
    3[00] (bBBi)[1, 1, 0, 11010902]
    0[00] (bBb)[0, 1, 1]
 2003[22] (iiB)[1170, 1189, 0]
 2003[02] (iB)[1171, 1]
 2004[05] (iB)[6070, 1]
 2003[22] (iiB)[1210, 1219, 0]
 2003[02] (iB)[1211, 1]
 2004[05] (iB)[6090, 1]
 2003[22] (iiB)[1220, 1229, 0]
 2003[02] (iB)[1221, 1]
 2004[05] (iB)[6100, 1]

11020560, 0
    3[01] (bBBii)[7, 1, 0, 1176, 1181]
    3[00] (bBBi)[7, 1, 0, 1171]
    3[01] (bBBii)[7, 1, 0, 1195, 1198]
    3[00] (bBBi)[7, 1, 0, 1202]
    3[01] (bBBii)[7, 1, 0, 1213, 1215]
    3[00] (bBBi)[7, 1, 0, 1211]
    3[01] (bBBii)[7, 1, 0, 1223, 1225]
    3[00] (bBBi)[7, 1, 0, 1221]
    0[00] (bBb)[1, 1, 7]
    3[00] (bBBi)[1, 1, 0, 11020600]
    3[00] (bBBi)[1, 0, 1, 0]
    0[00] (bBb)[2, 1, 7]
    3[00] (bBBi)[2, 1, 0, 11300005]
    0[00] (bBb)[3, 1, 7]
    3[00] (bBBi)[3, 1, 1, 0]
    0[00] (bBb)[-1, 1, 1]
    0[00] (bBb)[-1, 1, 2]
    0[00] (bBb)[-1, 1, 3]
    0[00] (bBb)[0, 1, -1]
 1000[08] (BBb)[0, 1, 1]
 2003[32] (iI)[600, 4]
 2003[02] (iB)[11020693, 1]
 2003[22] (iiB)[1170, 1189, 0]
 2003[02] (iB)[1173, 1]
 2004[05] (iB)[6070, 0]
 2003[22] (iiB)[1190, 1209, 0]
 2003[02] (iB)[1192, 1]
 2004[05] (iB)[6080, 0]
 2003[22] (iiB)[1210, 1219, 0]
 2003[02] (iB)[1216, 1]
 2004[05] (iB)[6090, 0]
 2003[22] (iiB)[1220, 1229, 0]
 2003[02] (iB)[1226, 1]
 2004[05] (iB)[6100, 0]

11020564, 0
    3[00] (bBBi)[1, 0, 0, 1195]
    3[00] (bBBi)[1, 0, 0, 1197]
    3[00] (bBBi)[1, 1, 0, 1192]
 1000[02] (BBb)[0, 0, 1]
 1003[01] (BBBi)[2, 1, 0, 11020692]
 2003[02] (iB)[11020692, 1]
 1000[04] (B)[0]
 2003[22] (iiB)[0, 0, 0]
    ^(0 <- 4, 4)
    ^(4 <- 8, 4)
 2003[02] (iB)[0, 1]
    ^(0 <- 12, 4)
 2004[05] (iB)[0, 1]
    ^(0 <- 0, 4)

11020565, 0
    3[00] (bBBi)[1, 0, 0, 1195]
    3[00] (bBBi)[1, 0, 0, 1197]
    3[00] (bBBi)[1, 1, 0, 1193]
    3[00] (bBBi)[1, 1, 0, 11020608]
    0[00] (bBb)[0, 1, 1]
 2003[22] (iiB)[0, 0, 0]
    ^(0 <- 4, 4)
    ^(4 <- 8, 4)
 2003[02] (iB)[0, 1]
    ^(0 <- 12, 4)
 2004[05] (iB)[0, 1]
    ^(0 <- 0, 4)

11020567, 0
    3[00] (bBBi)[-2, 1, 0, 1194]
    3[00] (bBBi)[-2, 1, 0, 1195]
    0[00] (bBb)[1, 1, -2]
    4[02] (bibf)[1, 0, 5, 0.0]
    ^(4 <- 0, 4)
    3[00] (bBBi)[2, 1, 0, 1196]
    0[00] (bBb)[-1, 1, 1]
    0[00] (bBb)[-1, 1, 2]
    0[00] (bBb)[0, 1, -1]
 2003[22] (iiB)[0, 0, 0]
    ^(0 <- 4, 4)
    ^(4 <- 8, 4)
 2003[02] (iB)[0, 1]
    ^(0 <- 12, 4)
 1000[08] (BBb)[0, 1, 1]
 2004[37] (i)[0]
    ^(0 <- 0, 4)

11020569, 0
    3[00] (bBBi)[1, 0, 0, 1194]
    3[00] (bBBi)[1, 0, 0, 1195]
    3[00] (bBBi)[1, 0, 0, 1196]
    4[02] (bibf)[1, 0, 5, 0.0]
    ^(4 <- 0, 4)
    3[00] (bBBi)[2, 1, 0, 1198]
    0[00] (bBb)[-1, 1, 1]
    0[00] (bBb)[-1, 1, 2]
    0[00] (bBb)[0, 1, -1]
 2003[22] (iiB)[0, 0, 0]
    ^(0 <- 4, 4)
    ^(4 <- 8, 4)
 2003[02] (iB)[0, 1]
    ^(0 <- 12, 4)
 1000[08] (BBb)[0, 1, 1]
 2004[37] (i)[0]
    ^(0 <- 0, 4)

11020574, 0
    3[00] (bBBi)[1, 0, 0, 1253]
    3[00] (bBBi)[1, 1, 0, 1251]
    3[08] (bBBB)[1, 1, 10, 2]
    0[00] (bBb)[0, 1, 1]
 2003[22] (iiB)[0, 0, 0]
    ^(0 <- 4, 4)
    ^(4 <- 8, 4)
 2003[02] (iB)[0, 1]
    ^(0 <- 12, 4)
 2004[05] (iB)[0, 1]
    ^(0 <- 0, 4)

11020575, 0
    3[00] (bBBi)[1, 0, 0, 1253]
    3[00] (bBBi)[1, 1, 0, 1252]
    3[00] (bBBi)[1, 1, 0, 11020102]
    3[00] (bBBi)[1, 1, 0, 11020103]
    4[00] (biB)[1, 0, 0]
    ^(4 <- 0, 4)
    0[00] (bBb)[0, 1, 1]
 2003[22] (iiB)[0, 0, 0]
    ^(0 <- 4, 4)
    ^(4 <- 8, 4)
 2003[02] (iB)[0, 1]
    ^(0 <- 12, 4)

11020576, 0
    3[00] (bBBi)[1, 0, 0, 1314]
    3[00] (bBBi)[1, 1, 0, 1312]
    3[00] (bBBi)[1, 1, 0, 11600593]
    3[08] (bBBB)[1, 1, 10, 2]
    0[00] (bBb)[0, 1, 1]
 2003[22] (iiB)[0, 0, 0]
    ^(0 <- 4, 4)
    ^(4 <- 8, 4)
 2003[02] (iB)[0, 1]
    ^(0 <- 12, 4)
 2004[05] (iB)[0, 1]
    ^(0 <- 0, 4)

11020577, 0
    3[00] (bBBi)[1, 0, 0, 1461]
    3[00] (bBBi)[1, 0, 0, 1464]
    3[00] (bBBi)[1, 1, 0, 1460]
    3[00] (bBBi)[1, 1, 0, 11020597]
    3[08] (bBBB)[1, 0, 10, 2]
    0[00] (bBb)[0, 1, 1]
 2003[22] (iiB)[0, 0, 0]
    ^(0 <- 4, 4)
    ^(4 <- 8, 4)
 2003[02] (iB)[0, 1]
    ^(0 <- 12, 4)
 2004[05] (iB)[0, 0]
    ^(0 <- 0, 4)

11020579, 0
    3[00] (bBBi)[1, 0, 0, 1512]
    3[00] (bBBi)[1, 1, 0, 1494]
    3[00] (bBBi)[1, 1, 0, 11510590]
    0[00] (bBb)[0, 1, 1]
 2003[22] (iiB)[0, 0, 0]
    ^(0 <- 4, 4)
    ^(4 <- 8, 4)
 2003[02] (iB)[0, 1]
    ^(0 <- 12, 4)
 2004[05] (iB)[0, 1]
    ^(0 <- 0, 4)

11020583, 0
    3[00] (bBBi)[1, 0, 0, 1547]
    3[00] (bBBi)[1, 1, 0, 1542]
    3[00] (bBBi)[1, 1, 0, 11700593]
    3[00] (bBBi)[1, 0, 0, 1512]
    3[00] (bBBi)[1, 0, 0, 1513]
    0[00] (bBb)[0, 1, 1]
 2003[22] (iiB)[0, 0, 0]
    ^(0 <- 4, 4)
    ^(4 <- 8, 4)
 2003[02] (iB)[0, 1]
    ^(0 <- 12, 4)
 2004[05] (iB)[0, 1]
    ^(0 <- 0, 4)

11020584, 0
    3[00] (bBBi)[1, 0, 0, 1547]
    3[00] (bBBi)[1, 1, 0, 1543]
    3[00] (bBBi)[1, 1, 0, 11020605]
    3[00] (bBBi)[1, 0, 1, 0]
    3[00] (bBBi)[2, 0, 0, 1547]
    3[00] (bBBi)[2, 1, 0, 1543]
    3[00] (bBBi)[2, 1, 1, 0]
    0[00] (bBb)[-1, 1, 1]
    0[00] (bBb)[-1, 1, 2]
    0[00] (bBb)[0, 1, -1]
 1000[08] (BBb)[0, 1, 1]
 2003[22] (iiB)[0, 0, 0]
    ^(0 <- 4, 4)
    ^(4 <- 8, 4)
 2003[02] (iB)[0, 1]
    ^(0 <- 12, 4)
 2004[05] (iB)[0, 0]
    ^(0 <- 0, 4)

11020585, 0
    3[00] (bBBi)[1, 0, 0, 1547]
    3[00] (bBBi)[1, 1, 0, 1544]
    3[00] (bBBi)[1, 1, 0, 11410593]
    0[00] (bBb)[0, 1, 1]
 2003[22] (iiB)[0, 0, 0]
    ^(0 <- 4, 4)
    ^(4 <- 8, 4)
 2003[02] (iB)[0, 1]
    ^(0 <- 12, 4)
 2004[05] (iB)[0, 1]
    ^(0 <- 0, 4)

11020586, 0
    3[00] (bBBi)[1, 0, 0, 1547]
    3[00] (bBBi)[1, 1, 0, 1545]
    3[00] (bBBi)[1, 1, 0, 11020606]
    3[00] (bBBi)[1, 0, 1, 0]
    3[00] (bBBi)[2, 0, 0, 1547]
    3[00] (bBBi)[2, 1, 0, 1545]
    3[00] (bBBi)[2, 1, 1, 0]
    0[00] (bBb)[-1, 1, 1]
    0[00] (bBb)[-1, 1, 2]
    0[00] (bBb)[0, 1, -1]
 1000[08] (BBb)[0, 1, 1]
 2004[05] (iB)[0, 0]
    ^(0 <- 0, 4)

11020587, 0
    3[00] (bBBi)[1, 0, 0, 1574]
    3[00] (bBBi)[1, 0, 0, 1578]
    3[00] (bBBi)[1, 1, 0, 1571]
    3[08] (bBBB)[1, 1, 10, 2]
    0[00] (bBb)[0, 1, 1]
 2003[22] (iiB)[0, 0, 0]
    ^(0 <- 4, 4)
    ^(4 <- 8, 4)
 2003[02] (iB)[0, 1]
    ^(0 <- 12, 4)
 2004[05] (iB)[0, 1]
    ^(0 <- 0, 4)
 2003[02] (iB)[11020690, 1]
 2003[02] (iB)[11020691, 1]

11020588, 0
    3[00] (bBBi)[1, 0, 0, 1574]
    3[00] (bBBi)[1, 0, 0, 1578]
    3[00] (bBBi)[1, 1, 0, 1572]
    3[00] (bBBi)[1, 0, 0, 1574]
    3[00] (bBBi)[1, 0, 0, 1578]
    3[00] (bBBi)[2, 1, 0, 1577]
    3[00] (bBBi)[3, 0, 0, 1574]
    3[00] (bBBi)[3, 0, 0, 1578]
    3[00] (bBBi)[3, 1, 0, 1573]
    0[00] (bBb)[-1, 1, 1]
    0[00] (bBb)[-1, 1, 2]
    0[00] (bBb)[-1, 1, 3]
    0[00] (bBb)[0, 1, -1]
 1000[07] (BBb)[6, 1, 3]
 2003[17] (IIB)[11025120, 11025122, 1]
    3[00] (bBBi)[0, 1, 0, 11025120]
 2003[22] (iiB)[0, 0, 0]
    ^(0 <- 4, 4)
    ^(4 <- 8, 4)
 2003[02] (iB)[0, 1]
    ^(0 <- 12, 4)
 2004[05] (iB)[0, 0]
    ^(0 <- 0, 4)
 1000[04] (B)[0]
 1003[01] (BBBi)[4, 0, 0, 11020691]
 2003[22] (iiB)[0, 0, 0]
    ^(0 <- 4, 4)
    ^(4 <- 8, 4)
 2003[02] (iB)[0, 1]
    ^(0 <- 16, 4)
 2004[05] (iB)[0, 1]
    ^(0 <- 0, 4)
 1000[04] (B)[0]
 2003[22] (iiB)[0, 0, 0]
    ^(0 <- 4, 4)
    ^(4 <- 8, 4)
 2003[02] (iB)[0, 1]
    ^(0 <- 20, 4)
 2004[05] (iB)[0, 1]
    ^(0 <- 0, 4)

11020589, 0
    3[00] (bBBi)[1, 0, 0, 1574]
    3[00] (bBBi)[1, 0, 0, 1578]
    3[00] (bBBi)[-1, 1, 0, 1570]
    3[00] (bBBi)[-1, 1, 0, 1577]
    0[00] (bBb)[1, 1, -1]
    3[00] (bBBi)[1, 1, 0, 3]
    3[08] (bBBB)[1, 1, 10, 2]
    0[00] (bBb)[0, 1, 1]
 2003[22] (iiB)[0, 0, 0]
    ^(0 <- 4, 4)
    ^(4 <- 8, 4)
 2003[02] (iB)[0, 1]
    ^(0 <- 12, 4)
 2004[05] (iB)[0, 1]
    ^(0 <- 0, 4)
 2003[02] (iB)[11020690, 1]

11020410, 0
    3[00] (bBBi)[1, 0, 0, 1574]
    3[00] (bBBi)[1, 0, 0, 1578]
    3[00] (bBBi)[-1, 1, 0, 1572]
    3[00] (bBBi)[-1, 1, 0, 1573]
    3[00] (bBBi)[-1, 1, 0, 1577]
    0[00] (bBb)[1, 1, -1]
    3[00] (bBBi)[2, 1, 0, 812]
    3[00] (bBBi)[2, 1, 0, 813]
    0[00] (bBb)[-2, 1, 2]
    3[00] (bBBi)[-2, 1, 0, 11500200]
    0[00] (bBb)[1, 1, -2]
    0[00] (bBb)[0, 1, 1]
 2003[22] (iiB)[0, 0, 0]
    ^(0 <- 4, 4)
    ^(4 <- 8, 4)
 2003[02] (iB)[0, 1]
    ^(0 <- 12, 4)
 2004[05] (iB)[0, 0]
    ^(0 <- 0, 4)

11020411, 0
    3[00] (bBBi)[1, 0, 0, 1622]
    3[00] (bBBi)[1, 0, 0, 1625]
    3[00] (bBBi)[1, 0, 0, 1627]
    3[00] (bBBi)[1, 0, 0, 1628]
    3[00] (bBBi)[1, 1, 0, 1624]
    3[00] (bBBi)[1, 1, 0, 7]
    3[08] (bBBB)[1, 1, 10, 2]
    0[00] (bBb)[0, 1, 1]
 2003[22] (iiB)[0, 0, 0]
    ^(0 <- 4, 4)
    ^(4 <- 8, 4)
 2003[02] (iB)[0, 1]
    ^(0 <- 12, 4)
 2004[05] (iB)[0, 1]
    ^(0 <- 0, 4)

11020412, 0
    3[00] (bBBi)[1, 0, 0, 1434]
    3[00] (bBBi)[1, 0, 0, 1435]
    3[00] (bBBi)[1, 1, 0, 1430]
    3[00] (bBBi)[1, 1, 0, 11010700]
    3[00] (bBBi)[1, 1, 0, 11400200]
    0[00] (bBb)[0, 1, 1]
 2003[22] (iiB)[0, 0, 0]
    ^(0 <- 4, 4)
    ^(4 <- 8, 4)
 2003[02] (iB)[0, 1]
    ^(0 <- 12, 4)
 2004[05] (iB)[0, 1]
    ^(0 <- 0, 4)

11020413, 0
 1003[01] (BBBi)[2, 0, 1, 0]
 2004[37] (i)[0]
    ^(0 <- 0, 4)
 1000[04] (B)[0]
    4[02] (bibf)[0, 0, 5, 0.0]
    ^(4 <- 0, 4)
 2003[02] (iB)[1434, 0]
 2003[02] (iB)[0, 1]
    ^(0 <- 4, 4)

11020420, 0
    3[00] (bBBi)[1, 1, 0, 1640]
    3[00] (bBBi)[1, 1, 0, 11010700]
    3[00] (bBBi)[2, 1, 0, 1640]
    3[00] (bBBi)[2, 1, 0, 11400200]
    3[00] (bBBi)[3, 1, 0, 1641]
    0[00] (bBb)[-1, 1, 1]
    0[00] (bBb)[-1, 1, 2]
    0[00] (bBb)[-1, 1, 3]
    0[00] (bBb)[0, 1, -1]
 2003[22] (iiB)[0, 0, 0]
    ^(0 <- 4, 4)
    ^(4 <- 8, 4)
 2003[02] (iB)[0, 1]
    ^(0 <- 12, 4)
 2004[05] (iB)[0, 1]
    ^(0 <- 0, 4)
 2004[09] (iiiiii)[0, 9000, -1, -1, -1, -1]
    ^(0 <- 0, 4)

11020421, 0
    3[00] (bBBi)[1, 1, 0, 1641]
    3[00] (bBBi)[1, 1, 0, 11010700]
    3[00] (bBBi)[1, 1, 0, 11400200]
    0[00] (bBb)[0, 1, 1]
 2003[22] (iiB)[0, 0, 0]
    ^(0 <- 4, 4)
    ^(4 <- 8, 4)
 2003[02] (iB)[0, 1]
    ^(0 <- 12, 4)
 2004[05] (iB)[0, 1]
    ^(0 <- 0, 4)
 2004[09] (iiiiii)[0, 7003, -1, -1, -1, -1]
    ^(0 <- 0, 4)

11020422, 0
    3[00] (bBBi)[1, 1, 0, 1642]
    3[00] (bBBi)[1, 1, 0, 710]
    4[00] (biB)[1, 0, 0]
    ^(4 <- 0, 4)
    0[00] (bBb)[0, 1, 1]
 2003[22] (iiB)[0, 0, 0]
    ^(0 <- 4, 4)
    ^(4 <- 8, 4)
 2003[02] (iB)[0, 1]
    ^(0 <- 12, 4)

11020423, 0
    3[00] (bBBi)[1, 1, 0, 1643]
    3[00] (bBBi)[1, 1, 0, 820]
    3[00] (bBBi)[1, 1, 0, 11800100]
    4[00] (biB)[1, 0, 0]
    ^(4 <- 0, 4)
    0[00] (bBb)[0, 1, 1]
 2003[22] (iiB)[0, 0, 0]
    ^(0 <- 4, 4)
    ^(4 <- 8, 4)
 2003[02] (iB)[0, 1]
    ^(0 <- 12, 4)

11020424, 0
    3[00] (bBBi)[1, 1, 0, 1649]
    3[00] (bBBi)[1, 1, 0, 11020598]
    0[00] (bBb)[0, 1, 1]
 2003[22] (iiB)[0, 0, 0]
    ^(0 <- 4, 4)
    ^(4 <- 8, 4)
 2003[02] (iB)[0, 1]
    ^(0 <- 12, 4)
 2003[18] (iiBBB)[0, 7005, 0, 1, 0]
    ^(0 <- 0, 4)
 2004[05] (iB)[0, 0]
    ^(0 <- 0, 4)

11020425, 0
    3[08] (bBBB)[1, 1, 10, 2]
    3[00] (bBBi)[-1, 1, 0, 11020598]
    4[02] (bibf)[2, 0, 5, 0.8999999761581421]
    ^(4 <- 0, 4)
    4[02] (bibf)[2, 0, 2, 0.0]
    ^(4 <- 0, 4)
    4[01] (bii)[2, 0, 10000]
    ^(4 <- 0, 4)
    3[03] (bBiif)[2, 0, 0, 10000, 15.0]
    ^(4 <- 0, 4)
    0[00] (bBb)[-1, 1, 2]
    0[00] (bBb)[1, 1, -1]
    0[00] (bBb)[0, 1, 1]
 2003[22] (iiB)[0, 0, 0]
    ^(0 <- 4, 4)
    ^(4 <- 8, 4)
 2003[02] (iB)[0, 1]
    ^(0 <- 12, 4)
 2003[18] (iiBBB)[0, 7005, 0, 1, 0]
    ^(0 <- 0, 4)
 2004[05] (iB)[0, 0]
    ^(0 <- 0, 4)

11026200, 0
    3[00] (bBBi)[-1, 1, 0, 1643]
    3[00] (bBBi)[-1, 1, 0, 1644]
    3[00] (bBBi)[-1, 1, 0, 1645]
    0[00] (bBb)[1, 1, -1]
    3[08] (bBBB)[1, 1, 10, 2]
    3[00] (bBBi)[1, 1, 0, 820]
    0[00] (bBb)[0, 1, 1]
 2003[02] (iB)[820, 0]
 2003[02] (iB)[830, 1]
 2004[05] (iB)[6331, 1]
 2002[04] (iIiBBi)[100240, 0, 1802110, 18, 0, 10000]
 2002[03] (iIi)[180040, 0, 10000]
 1001[01] (i)[1]
 2003[02] (iB)[822, 1]
 1000[04] (B)[1]

11026210, 0
 2003[02] (iB)[1650, 0]
    3[08] (bBBB)[1, 1, 10, 2]
    3[03] (bBiif)[1, 0, 6330, 10000, 30.0]
    3[00] (bBBi)[1, 0, 0, 830]
    0[00] (bBb)[0, 1, 1]
    3[00] (bBBi)[-1, 1, 0, 1643]
    3[00] (bBBi)[-1, 1, 0, 1644]
    3[00] (bBBi)[-1, 1, 0, 1645]
 1000[02] (BBb)[0, 0, -1]
 2003[22] (iiB)[11026211, 11026213, 0]
 2003[17] (IIB)[11026211, 11026213, 1]
 1003[02] (BBBi)[0, 1, 0, 11026211]
 2003[02] (iB)[1650, 1]
 2004[09] (iiiiii)[6330, 9001, -1, -1, -1, -1]
    4[01] (bii)[0, 6330, 10000]
 2004[08] (ii)[6330, 5450]
 2004[09] (iiiiii)[6330, 7003, -1, -1, -1, -1]
 2003[18] (iiBBB)[6330, 9061, 0, 1, 0]
 2003[02] (iB)[1650, 0]

11020110, 0
 2004[12] (iB)[6060, 1]
 1003[02] (BBBi)[0, 1, 0, 11020101]
 1003[01] (BBBi)[1, 1, 0, 11020100]
    3[00] (bBBi)[0, 1, 0, 1141]
 2004[06] (iiB)[6060, 1702, 0]
 2003[02] (iB)[11020100, 1]
 1003[01] (BBBi)[4, 1, 0, 11020111]
    3[00] (bBBi)[0, 1, 0, 11020609]
 2004[06] (iiB)[6060, 1701, 0]
 2003[02] (iB)[11020111, 1]
    4[08] (biiB)[0, 6060, 1701, 1]
 2003[02] (iB)[11020101, 1]