0, 0
 2009[03] (iiffi)[11200984, 1201961, 2.0, 180.0, 0]
 2009[00] (iii)[11200010, 11200011, 1201140]
 2009[00] (iii)[11200012, 11200013, 1201141]
 2004[07] (i)[1200090]
 1003[01] (BBBi)[2, 1, 0, 11200000]
 1003[01] (BBBi)[1, 1, 0, 11200002]
 1000[03] (B)[1]
 2005[03] (iB)[1201200, 0]
 1003[05] (Bb)[10, 1]
 2005[03] (iB)[1201994, 0]
 2006[01] (iB)[1201995, 0]
 2005[03] (iB)[1201996, 0]
 2006[01] (iB)[1201997, 0]
 2005[03] (iB)[1201998, 0]
 2006[01] (iB)[1201999, 0]
 2005[03] (iB)[1201988, 0]
 2006[01] (iB)[1201989, 0]
 2005[03] (iB)[1201986, 0]
 2006[01] (iB)[1201987, 0]
 2000[00] (iII|III)[0, 11200090, 1201700, 1201701, 1202600, 1202601]
 2000[00] (iII)[0, 11205080, 0]
 2000[00] (iII)[0, 11205081, 0]
 2000[00] (iII)[0, 11205082, 0]
 2000[00] (iII|IIIII)[0, 11200100, 11200110, 1201000, 120020, 1202500, 0, 61200500]
 2000[00] (iII|III)[0, 11200110, 11200100, 1201000, 1202500, 0]
 2000[00] (iII|IIIII)[1, 11200100, 11200111, 1201010, 120021, 1202501, 1, 61200501]
 2000[00] (iII|III)[1, 11200110, 11200101, 1201010, 1202501, 1]
 2000[00] (iII)[0, 11200120, 0]
 2000[00] (iII)[0, 11205000, 0]
 2000[00] (iII)[0, 11200800, 0]
 2000[00] (iII)[0, 11200200, 0]
 2000[00] (iII)[0, 11200690, 0]
 2000[00] (iII|I)[0, 11200600, 1201650, 11200600]
 2000[00] (iII|I)[1, 11200600, 1201651, 11200601]
 2010[03] (iB)[1203800, 0]
 1003[01] (BBBi)[4, 0, 0, 5]
 2000[00] (iII)[0, 11205392, 0]
 2005[03] (iB)[1201990, 0]
 2006[01] (iB)[1201991, 0]
 1000[03] (B)[9]
 2000[00] (iII)[0, 11200000, 0]
 2000[00] (iII)[0, 11205390, 0]
 2000[00] (iII)[0, 11205391, 0]
 2000[00] (iII)[0, 11205393, 0]
 2000[00] (iII)[0, 11205392, 0]
 2000[00] (iII)[0, 11200001, 0]
 2000[00] (iII)[0, 11205394, 0]
 2000[00] (iII)[0, 11205395, 0]
 2000[00] (iII)[0, 11205396, 0]
 2000[00] (iII)[0, 11200002, 0]
 2010[03] (iB)[1203801, 0]
 1003[01] (BBBi)[6, 0, 0, 11200900]
 2000[00] (iII)[0, 11205382, 0]
 2005[03] (iB)[1201890, 0]
 2006[01] (iB)[1201891, 0]
 2005[03] (iB)[1201892, 0]
 2006[01] (iB)[1201893, 0]
 1000[03] (B)[17]
 2000[00] (iII)[0, 11205380, 0]
 2000[00] (iII)[0, 11205381, 0]
 2000[00] (iII)[0, 11205383, 0]
 2000[00] (iII)[0, 11205382, 0]
 2000[00] (iII)[0, 11200900, 0]
 2000[00] (iII)[0, 11205384, 0]
 2000[00] (iII)[0, 11205385, 0]
 2000[00] (iII|I)[0, 11205120, 1202220, 1202180]
 2000[00] (iII|I)[1, 11205120, 1202221, 1202181]
 2000[00] (iII|I)[2, 11205120, 1202222, 1202182]
 2000[00] (iII|I)[3, 11205120, 1202223, 1202183]
 2000[00] (iII|I)[4, 11205120, 1202224, 1202184]
 2000[00] (iII|I)[5, 11205120, 1202225, 1202185]
 2000[00] (iII|I)[6, 11205120, 1202226, 1202186]
 2000[00] (iII|I)[7, 11205120, 1202227, 1202187]
 2000[00] (iII|I)[8, 11205120, 1202228, 1202188]
 2000[00] (iII|I)[9, 11205120, 1202229, 1202189]
 2000[00] (iII)[0, 11200801, 0]
 2000[00] (iII|IIIII)[0, 11205300, 231342081, 3530, 1200011, 91, 256, 5430]
 2000[00] (iII|IIIII)[1, 11205300, 231407618, 3531, 1200012, 92, 513, 5431]
 2000[00] (iII|IIIII)[2, 11205300, 231473155, 3532, 1200013, 93, 770, 5432]
 2000[00] (iII|IIIII)[3, 11205300, 231538692, 3533, 1200014, 94, 1027, 5433]
 2000[00] (iII|IIIII)[4, 11205300, 231604229, 3534, 1200015, 95, 1284, 5434]
 2000[00] (iII|IIIII)[5, 11205300, 231669766, 3535, 1200016, 96, 1541, 5435]
 2000[00] (iII|IIIII)[6, 11205300, 231735304, 3536, 1200017, 97, 1798, 5436]
 2000[00] (iII|I)[0, 11205250, 1200100, 1202110]
 2000[00] (iII|III)[0, 11205290, 1200101, 51200170, 0, 1]
 2000[00] (iII|III)[1, 11205290, 1200102, 51200170, 1045220557, 1]
 2000[00] (iII|III)[2, 11205290, 1200103, 51200170, 1061997773, 1]
 2000[00] (iII|I)[1, 11205250, 1200104, 1202111]
 2000[00] (iII|III)[3, 11205290, 1200105, 11205263, 0, 0]
 2000[00] (iII|III)[4, 11205290, 1200106, 11205263, 1058642330, 0]
 2000[00] (iII|III)[5, 11205290, 1200107, 11205264, 0, 0]
 2000[00] (iII|III)[6, 11205290, 1200108, 11205264, 1063675494, 0]
 2000[00] (iII|I)[0, 11205200, 1200109, 1090519040]
 2000[00] (iII|I)[1, 11205200, 1200110, 1090519040]
 2000[00] (iII|I)[2, 11205200, 1200111, 1084227584]
 2000[00] (iII|I)[3, 11205200, 1200112, 1084227584]
 2000[00] (iII|I)[4, 11205200, 1200113, 1084227584]
 2000[00] (iII|I)[0, 11205230, 1200600, 1077936128]
 2000[00] (iII|I)[2, 11205230, 1200602, 1077936128]
 2000[00] (iII|I)[0, 11205240, 1200600, 1202710]
 2000[00] (iII|I)[2, 11205240, 1200602, 1202712]
 2000[00] (iII|II)[0, 11205280, 1200650, 1086324736, 1202112]
 2000[00] (iII|II)[1, 11205280, 1200651, 1073741824, 1202112]
 2000[00] (iII|I)[0, 11205260, 1200652, 1086324736]
 2000[00] (iII|I)[1, 11205260, 1200653, 1092616192]
 2000[00] (iII|I)[2, 11205260, 1200654, 1090519040]
 2000[00] (iII|I)[3, 11205260, 1200655, 1082130432]
 2000[00] (iII|I)[4, 11205260, 1200656, 1082130432]
 2000[00] (iII|II)[0, 11205190, 1200250, 1202113, 0]
 2000[00] (iII|II)[1, 11205190, 1200251, 1202113, 1056964608]
 2000[00] (iII|II)[2, 11205190, 1200252, 1202113, 1067030938]
 2000[00] (iII|II)[3, 11205190, 1200253, 1202113, 1060320051]
 2000[00] (iII)[0, 11205150, 1200705]
 2000[00] (iII)[1, 11205150, 1200706]
 2000[00] (iII)[2, 11205150, 1200707]
 2000[00] (iII)[3, 11205150, 1200708]
 2000[00] (iII)[4, 11205150, 1200709]
 2000[00] (iII)[5, 11205150, 1200710]
 2000[00] (iII)[6, 11205150, 1200711]
 2000[00] (iII)[7, 11205150, 1200712]
 2000[00] (iII|I)[0, 11205180, 1200350, 1]
 2000[00] (iII|I)[1, 11205180, 1200351, 0]
 2000[00] (iII|I)[2, 11205180, 1200352, 0]
 2000[00] (iII|II)[0, 11200810, 1200000, 0, 0]
 2000[00] (iII|II)[1, 11200810, 1200001, 0, 0]
 2000[00] (iII|II)[2, 11200810, 1200400, 0, 33004000]
 2000[00] (iII|II)[3, 11200810, 1200350, 0, 0]
 2000[00] (iII|II)[4, 11200810, 1200351, 0, 0]
 2000[00] (iII|II)[5, 11200810, 1200352, 0, 0]
 2000[00] (iII|II)[6, 11200810, 1200750, 0, 27901000]
 2000[00] (iII|II)[7, 11200810, 1200301, 0, 0]
 2000[00] (iII|II)[8, 11200810, 1200304, 1, 0]
 2000[00] (iII|II)[9, 11200810, 1200306, 0, 0]

50, 0
 2004[45] (ii)[6521, 8932]
 2000[00] (iII)[0, 11205030, 0]
 2000[00] (iII)[0, 11205032, 0]
 2000[00] (iII)[0, 11200300, 0]
 1003[05] (Bb)[2, 1]
 2003[22] (iiB)[11200210, 11200213, 0]
 2003[02] (iB)[11200215, 0]
 2004[45] (ii)[6050, 8350]
 2004[45] (ii)[6051, 8350]
 1003[05] (Bb)[6, 1]
 1003[01] (BBBi)[2, 0, 0, 1123]
 2003[22] (iiB)[1120, 1139, 0]
 2003[02] (iB)[1122, 1]
 1003[01] (BBBi)[2, 0, 0, 1130]
 2003[22] (iiB)[1120, 1139, 0]
 2003[02] (iB)[1129, 1]
 1003[01] (BBBi)[1, 1, 0, 1121]
 2004[05] (iB)[6050, 0]
 1003[01] (BBBi)[1, 1, 0, 1123]
 2004[05] (iB)[6051, 0]
 1003[01] (BBBi)[1, 1, 0, 1130]
 2004[05] (iB)[6051, 0]
 2004[09] (iiiiii)[6051, 7875, -1, -1, -1, -1]
 2000[00] (iII|III)[0, 11200520, 6050, 1120, 1139, 1125]
 2000[00] (iII|III)[1, 11200520, 6051, 1120, 1139, 1125]
 2000[00] (iII|III)[0, 11200530, 6050, 1120, 1139, 1121]
 2000[00] (iII|III)[0, 11200531, 6050, 1120, 1139, 1122]
 2000[00] (iII|III)[0, 11200534, 6050, 1120, 1139, 1123]
 2000[00] (iII|III)[0, 11200532, 6050, 1120, 1139, 1126]
 2000[00] (iII)[0, 11200533, 0]
 2000[00] (iII|II)[0, 11205040, 11200210, 1202000, 1203100]
 2000[00] (iII|II)[1, 11205040, 11200211, 1202001, 1203101]
 2000[00] (iII|II)[2, 11205040, 11200212, 1202002, 1203102]
 2000[00] (iII|II)[3, 11205040, 11200213, 1202003, 1203103]
 2000[00] (iII|II)[0, 11200529, 1120, 1139, 1127]
 2000[00] (iII|III)[0, 11200527, 6050, 1120, 1139, 1129]
 2000[00] (iII|III)[0, 11200525, 6050, 1120, 1139, 1130]
 2000[00] (iII|II)[0, 11205070, 11200210, 1202000, 1203100]
 2000[00] (iII|II)[1, 11205070, 11200211, 1202001, 1203101]
 2000[00] (iII|II)[2, 11205070, 11200212, 1202002, 1203102]
 2000[00] (iII|II)[3, 11205070, 11200213, 1202003, 1203103]
 2006[01] (iB)[1202009, 0]
 2000[00] (iII)[0, 11200005, 0]
 2000[00] (iII)[0, 11200006, 0]
 1003[05] (Bb)[1, 1]
 2003[22] (iiB)[11205050, 11205068, 0]
 2004[31] (iB)[6380, 1]
 2004[10] (iB)[6380, 0]
 2004[12] (iB)[6380, 1]
 1003[01] (BBBi)[2, 1, 0, 1710]
 1003[01] (BBBi)[1, 1, 0, 1712]
 2004[05] (iB)[6380, 0]
 2000[00] (iII|III)[0, 11200538, 6380, 1710, 1712, 1711]
 2000[00] (iII|III)[0, 11200539, 6380, 1710, 1712, 1712]
 2000[00] (iII|III)[0, 11200540, 6380, 1710, 1712, 1711]
 2000[00] (iII)[0, 11205058, 0]
 2000[00] (iII)[0, 11205054, 0]
 2000[00] (iII)[0, 11205056, 0]
 2000[00] (iII)[0, 11205057, 0]
 2000[00] (iII)[0, 11205060, 6310]
 2000[00] (iII)[1, 11205060, 6420]
 2000[00] (iII)[2, 11205060, 1200300]
 2000[00] (iII)[3, 11205060, 1200301]
 2000[00] (iII)[4, 11205060, 1200302]
 2000[00] (iII)[5, 11205060, 1200303]
 2000[00] (iII)[6, 11205060, 1200304]
 2000[00] (iII)[7, 11205060, 1200305]
 2000[00] (iII)[8, 11205060, 1200306]
 2004[45] (ii)[6310, 8470]
 2004[45] (ii)[6420, 8900]
 2004[05] (iB)[6310, 0]
 2004[05] (iB)[6420, 0]
 2000[00] (iII|III)[2, 11200520, 6310, 1600, 1619, 1604]
 2000[00] (iII|III)[3, 11200520, 6420, 1760, 1769, 1764]
 2000[00] (iII|I)[0, 11200501, 6310, 1603]
 2000[00] (iII)[0, 11200535, 6310]

11200090, 0
 1003[01] (BBBi)[3, 0, 2, 0]
 2005[03] (iB)[0, 0]
    ^(0 <- 0, 4)
 2006[01] (iB)[0, 0]
    ^(0 <- 4, 4)
 1000[04] (B)[0]
    3[18] (biifhfiBii)[1, 1, 0, 0.0, 0, 0.0, 10010403, 48, 0, 0]
    ^(36 <- 0, 4)
    ^(8 <- 8, 4)
    3[18] (biifhfiBii)[2, 1, 0, 0.0, 0, 0.0, 10010407, 48, 0, 0]
    ^(36 <- 0, 4)
    ^(8 <- 12, 4)
    0[00] (bBb)[-1, 1, 1]
    0[00] (bBb)[-1, 1, 2]
    0[00] (bBb)[0, 1, -1]
 1000[07] (BBb)[2, 1, 2]
 2004[41] (iBii)[10000, 1, 0, -1]
    ^(8 <- 8, 4)
 1000[03] (B)[1]
 2004[41] (iBii)[10000, 1, 0, -1]
    ^(8 <- 12, 4)
 2003[18] (iiBBB)[10000, 7410, 0, 0, 0]
 2005[03] (iB)[0, 0]
    ^(0 <- 0, 4)
 2006[01] (iB)[0, 1]
    ^(0 <- 4, 4)

11205080, 1
 1003[02] (BBBi)[0, 1, 1, 0]
 2004[05] (iB)[1200900, 0]
 2004[05] (iB)[1200901, 0]
 2004[05] (iB)[1200902, 0]
 2004[05] (iB)[1200903, 0]
 2004[05] (iB)[1200904, 0]
 2004[05] (iB)[1200905, 0]
 2004[05] (iB)[1200906, 0]
 2004[05] (iB)[1200907, 0]
 2004[05] (iB)[1200908, 0]
 2004[05] (iB)[1200909, 0]
    3[00] (bBBi)[0, 1, 0, 11200050]
 1003[02] (BBBi)[0, 1, 0, 735]
 2003[02] (iB)[5000, 1]
 2004[05] (iB)[1200900, 1]
 2004[05] (iB)[1200901, 1]
 2004[05] (iB)[1200902, 1]
 2004[05] (iB)[1200903, 1]
 2004[05] (iB)[1200904, 1]
 2004[05] (iB)[1200905, 1]
 2004[05] (iB)[1200906, 1]
 2004[05] (iB)[1200907, 1]
 2004[05] (iB)[1200908, 1]
 2004[05] (iB)[1200909, 1]

11205081, 1
    3[00] (bBBi)[-1, 1, 0, 11205085]
    3[00] (bBBi)[-1, 1, 0, 735]
    0[00] (bBb)[0, 1, -1]
 1003[01] (BBBi)[1, 0, 0, 735]
 2003[02] (iB)[735, 0]
 2003[02] (iB)[11200050, 0]
 2003[02] (iB)[11205085, 0]
 2003[02] (iB)[5001, 1]
 2004[04] (iB)[1200900, 0]
 2004[04] (iB)[1200901, 0]
 2004[04] (iB)[1200902, 0]
 2004[04] (iB)[1200903, 0]
 2004[04] (iB)[1200904, 0]
 2004[04] (iB)[1200905, 0]
 2004[04] (iB)[1200906, 0]
 2004[04] (iB)[1200907, 0]
 2004[04] (iB)[1200908, 0]
 2004[04] (iB)[1200909, 0]

11205082, 1
 1003[06] (Bb)[0, 1]
    3[11] (bBBB)[1, 1, 2, 50]
    3[08] (bBBB)[1, 1, 12, 0]
    0[00] (bBb)[-1, 1, 1]
    3[00] (bBBi)[-1, 1, 0, 11200050]
    0[00] (bBb)[0, 1, -1]
 1001[01] (i)[1]
    3[11] (bBBB)[2, 1, 2, 50]
    3[08] (bBBB)[2, 1, 12, 0]
    0[00] (bBb)[-2, 1, 2]
    3[00] (bBBi)[-2, 1, 0, 11200050]
 1000[02] (BBb)[1, 0, -2]
 1001[01] (i)[1]
    3[11] (bBBB)[3, 1, 2, 50]
    3[08] (bBBB)[3, 1, 12, 0]
    0[00] (bBb)[-3, 1, 3]
    3[00] (bBBi)[-3, 1, 0, 11200050]
 1000[02] (BBb)[1, 0, -3]
 1001[01] (i)[1]
    3[11] (bBBB)[4, 1, 2, 50]
    3[08] (bBBB)[4, 1, 12, 0]
    0[00] (bBb)[-4, 1, 4]
    3[00] (bBBi)[-4, 1, 0, 11200050]
 1000[02] (BBb)[1, 0, -4]
 1001[01] (i)[1]
    3[11] (bBBB)[5, 1, 2, 50]
    3[08] (bBBB)[5, 1, 12, 0]
    0[00] (bBb)[-5, 1, 5]
    3[00] (bBBi)[-5, 1, 0, 11200050]
 1000[02] (BBb)[1, 0, -5]
 1001[01] (i)[1]
    3[11] (bBBB)[6, 1, 2, 50]
    3[08] (bBBB)[6, 1, 12, 0]
    0[00] (bBb)[-6, 1, 6]
    3[00] (bBBi)[-6, 1, 0, 11200050]
 1000[02] (BBb)[1, 0, -6]
 2003[02] (iB)[11200050, 1]
 1001[00] (f)[600.0]
    3[11] (bBBB)[7, 1, 5, 50]
    3[08] (bBBB)[7, 1, 12, 0]
 1000[02] (BBb)[1, 0, 7]
 2003[02] (iB)[11200050, 0]
 2003[02] (iB)[11205085, 1]

11200000, 1
 1003[02] (BBBi)[0, 1, 1, 0]
 1003[02] (BBBi)[0, 1, 0, 11200002]
 2004[05] (iB)[1200800, 0]
 2005[03] (iB)[1201990, 0]
 2006[01] (iB)[1201991, 0]
    4[03] (bib)[-1, 10000, 0]
    4[03] (bib)[-1, 10000, 8]
    0[00] (bBb)[1, 1, -1]
    3[00] (bBBi)[1, 0, 0, 11210021]
    3[02] (bBii)[1, 1, 10000, 1202999]
    0[00] (bBb)[0, 1, 1]
 1003[05] (Bb)[1, 1]
 2009[06] (B)[0]
 2009[04] (i)[1200800]
 2003[02] (iB)[11205390, 1]
 2003[02] (iB)[11205391, 1]
 2003[02] (iB)[11205393, 1]
    4[03] (bib)[2, 10000, 2]
 1000[01] (BBb)[1, 0, 2]
    3[00] (bBBi)[0, 1, 0, 703]
 1003[05] (Bb)[2, 2]
 2002[04] (iIiBBi)[120000, 0, 1202801, 12, 0, 10000]
 1000[03] (B)[4]
 1003[05] (Bb)[2, 1]
 2002[04] (iIiBBi)[120000, 2, 1202801, 12, 0, 10000]
 1000[03] (B)[1]
 2002[03] (iIi)[120000, 2, 10000]
 1001[01] (i)[1]
 2005[03] (iB)[1201200, 0]
 2004[41] (iBii)[1200800, 1, 1202800, -1]
 2004[05] (iB)[1200800, 1]
 2005[03] (iB)[1201990, 1]
 2006[02] (i)[1201991]
 2003[02] (iB)[11200002, 1]

11200002, 0
 1003[02] (BBBi)[0, 1, 1, 0]
 1003[02] (BBBi)[0, 1, 0, 11200000]
    4[03] (bib)[-1, 10000, 0]
    4[03] (bib)[-1, 10000, 8]
    0[00] (bBb)[1, 1, -1]
    3[00] (bBBi)[1, 1, 0, 11210021]
    3[02] (bBii)[1, 1, 10000, 1202999]
    0[00] (bBb)[0, 1, 1]
 1003[05] (Bb)[1, 1]
 2009[06] (B)[0]
 2009[04] (i)[1200800]
 2003[02] (iB)[11205390, 1]
 2003[02] (iB)[11205391, 1]
 2003[02] (iB)[11205393, 1]
    4[03] (bib)[2, 10000, 2]
 1000[01] (BBb)[1, 0, 2]
    3[00] (bBBi)[0, 1, 0, 703]
 1003[05] (Bb)[2, 2]
 2002[04] (iIiBBi)[120003, 0, 1202802, 12, 0, 10000]
 1000[03] (B)[4]
 1003[05] (Bb)[2, 1]
 2002[04] (iIiBBi)[120003, 2, 1202802, 12, 0, 10000]
 1000[03] (B)[1]
 2002[03] (iIi)[120003, 2, 10000]
 1001[01] (i)[1]
 2005[03] (iB)[1201200, 0]
 2004[05] (iB)[1200800, 1]
 2005[03] (iB)[1201990, 1]
 2006[02] (i)[1201991]
 2003[02] (iB)[11200000, 1]

11205390, 0
    3[00] (bBBi)[1, 0, 0, 5]
    3[00] (bBBi)[1, 1, 0, 11200000]
    3[19] (biifhfiBii)[1, 1, 1202998, 0.0, -1, 0.0, 10010403, 48, 0, 1201990]
    0[00] (bBb)[0, 1, 1]
 2004[14] (ii)[10000, 1202997]
 2003[18] (iiBBB)[10000, 7410, 0, 0, 0]
 1000[04] (B)[1]

11205391, 0
    3[00] (bBBi)[1, 0, 0, 5]
    3[00] (bBBi)[1, 1, 0, 11205393]
    4[03] (bib)[1, 10000, 1]
    3[18] (biifhfiBii)[1, 1, 1202998, 0.0, -1, 0.0, 10010403, 255, 0, 1201990]
    0[00] (bBb)[0, 1, 1]
 2004[14] (ii)[10000, 1202997]
 2003[18] (iiBBB)[10000, 7410, 0, 0, 0]
 1000[04] (B)[1]

11205393, 0
 1003[01] (BBBi)[8, 1, 1, 0]
    3[00] (bBBi)[1, 1, 0, 11200000]
    3[00] (bBBi)[1, 0, 0, 5]
    3[02] (bBii)[1, 1, 10000, 1202996]
    3[00] (bBBi)[2, 1, 1, 0]
    0[00] (bBb)[-1, 1, 1]
    0[00] (bBb)[-1, 1, 2]
    0[00] (bBb)[0, 1, -1]
 1000[08] (BBb)[0, 1, 2]
 1003[05] (Bb)[1, 1]
 2009[06] (B)[0]
 2009[04] (i)[1200800]

11205392, 1
 1003[01] (BBBi)[3, 0, 0, 5]
 2004[05] (iB)[1200800, 0]
 2004[04] (iB)[1200800, 0]
 1000[04] (B)[0]
 2004[01] (iB)[1200800, 0]
    3[00] (bBBi)[1, 1, 0, 11200000]
    3[00] (bBBi)[1, 1, 0, 11205393]
    0[00] (bBb)[0, 1, 1]
 2004[01] (iB)[1200800, 1]
 2003[11] (bihh)[1, 1200800, 0, 5210]

11200001, 0
    4[00] (biB)[0, 1200800, 1]
 2003[02] (iB)[5, 1]
 2003[12] (i)[1200800]
 2005[03] (iB)[1201990, 0]
 2006[01] (iB)[1201991, 1]

11205394, 0
 2000[02] (B)[0]
    3[00] (bBBi)[1, 0, 0, 5]
    3[00] (bBBi)[1, 1, 0, 11205392]
 1003[05] (Bb)[1, 0]
    3[00] (bBBi)[1, 1, 0, 11205391]
    3[02] (bBii)[1, 1, 10000, 1202990]
    0[00] (bBb)[0, 1, 1]
 2010[03] (iB)[1203800, 1]

11205395, 0
 2000[02] (B)[0]
    3[00] (bBBi)[1, 1, 0, 5]
    3[00] (bBBi)[1, 1, 0, 11205394]
    0[00] (bBb)[0, 1, 1]
 2010[03] (iB)[1203800, 0]

11205396, 1
 1003[01] (BBBi)[1, 1, 1, 0]
    4[02] (bibf)[0, 1200800, 5, 0.10000000149011612]
 2004[08] (ii)[1200800, 5401]

11205380, 0
    3[00] (bBBi)[1, 0, 0, 11200900]
    3[19] (biifhfiBii)[1, 1, 1202898, 0.0, -1, 0.0, 10010403, 48, 0, 1201890]
    0[00] (bBb)[0, 1, 1]
 2004[14] (ii)[10000, 1202894]
 2003[18] (iiBBB)[10000, 7410, 0, 0, 0]
 1000[04] (B)[1]

11205381, 0
    3[00] (bBBi)[1, 0, 0, 11200900]
    3[00] (bBBi)[1, 1, 0, 11205383]
    4[03] (bib)[1, 10000, 1]
    3[18] (biifhfiBii)[1, 1, 1202898, 0.0, -1, 0.0, 10010403, 255, 0, 1201890]
    0[00] (bBb)[0, 1, 1]
 2004[14] (ii)[10000, 1202894]
 2003[18] (iiBBB)[10000, 7410, 0, 0, 0]
 1000[04] (B)[1]

11205383, 0
 1003[01] (BBBi)[3, 1, 1, 0]
    3[00] (bBBi)[1, 0, 0, 11200900]
    3[02] (bBii)[1, 1, 10000, 1202896]
    0[00] (bBb)[0, 1, 1]
 1003[05] (Bb)[2, 1]
 2009[06] (B)[0]
 2004[08] (ii)[10000, 5500]
 2009[04] (i)[1200801]

11205382, 1
 2004[05] (iB)[1200090, 0]
 1003[05] (Bb)[1, 1]
 2004[28] (ii)[1200801, 4095]
 1003[01] (BBBi)[3, 0, 0, 11200900]
 2004[05] (iB)[1200801, 0]
 2004[04] (iB)[1200801, 0]
 1000[04] (B)[0]
 2004[30] (iB)[1200801, 0]
 2004[01] (iB)[1200801, 0]
 2004[09] (iiiiii)[1200801, 7000, -1, -1, -1, -1]
    3[00] (bBBi)[0, 1, 0, 11205383]
 2004[09] (iiiiii)[1200801, -1, -1, 7001, -1, -1]
 2004[01] (iB)[1200801, 1]
 2003[11] (bihh)[1, 1200801, 0, 3230]

11200900, 0
    4[00] (biB)[0, 1200801, 1]
 2004[21] (ii)[10000, 5500]
 2003[02] (iB)[11200900, 1]
 2003[12] (i)[1200801]
 2005[03] (iB)[1201890, 0]
 2006[01] (iB)[1201891, 1]
 2005[03] (iB)[1201892, 0]
 2006[01] (iB)[1201893, 1]

11205384, 0
 2000[02] (B)[0]
    3[00] (bBBi)[1, 0, 0, 11200900]
    3[00] (bBBi)[1, 1, 0, 11205382]
 1003[05] (Bb)[1, 0]
    3[00] (bBBi)[1, 1, 0, 11205381]
    3[02] (bBii)[1, 1, 10000, 1202890]
    0[00] (bBb)[0, 1, 1]
 2010[03] (iB)[1203801, 1]

11205385, 0
 2000[02] (B)[0]
    3[00] (bBBi)[1, 1, 0, 11200900]
    3[00] (bBBi)[1, 1, 0, 11205384]
    0[00] (bBb)[0, 1, 1]
 2010[03] (iB)[1203801, 0]

11205120, 0
    3[02] (bBii)[1, 1, 1200801, 0]
    ^(8 <- 0, 4)
    4[08] (biiB)[1, 1200801, 10, 1]
    0[00] (bBb)[0, 1, 1]
 2004[41] (iBii)[1200801, 1, 0, -1]
    ^(8 <- 4, 4)
    4[08] (biiB)[0, 1200801, 10, 0]
 1000[04] (B)[1]

11200100, 0
 1003[01] (BBBi)[1, 1, 0, 0]
    ^(4 <- 20, 4)
 1003[01] (BBBi)[2, 0, 2, 0]
 2005[07] (ii)[0, 1]
    ^(0 <- 4, 4)
 1000[04] (B)[0]
 2006[04] (iii)[0, 200, 0]
    ^(0 <- 4, 4)
    ^(8 <- 8, 4)
 1000[05] (Bbii)[1, 0, 0, 1]
    ^(4 <- 16, 4)
    3[04] (bBiB)[1, 3, 2002, 1]
    3[19] (biifhfiBii)[1, 1, 0, 0.0, -1, 0.0, 10010400, 48, 0, 0]
    ^(36 <- 4, 4)
    ^(8 <- 12, 4)
    0[00] (bBb)[0, 1, 1]
 2003[02] (iB)[0, 1]
    ^(0 <- 0, 4)
 2003[02] (iB)[0, 1]
    ^(0 <- 20, 4)
 2004[14] (ii)[10000, 0]
    ^(4 <- 4, 4)
 2003[18] (iiBBB)[10000, 7114, 0, 1, 0]
 1000[05] (Bbii)[1, 0, 0, 1]
    ^(4 <- 16, 4)
 1003[05] (Bb)[1, 1]
 1000[05] (Bbii)[1, 0, 0, 1]
    ^(4 <- 16, 4)
 2007[01] (ihhif)[10010861, 0, 6, -1, 3.0]
    ^(8 <- 4, 4)
 2003[18] (iiBBB)[0, 1, 0, 0, 0]
    ^(0 <- 4, 4)
 2006[05] (ii)[0, 1]
    ^(0 <- 4, 4)

11200110, 0
 2000[02] (B)[0]
    3[00] (bBBi)[-1, 1, 0, 0]
    ^(4 <- 0, 4)
 1000[05] (Bbii)[1, 0, 0, 0]
    ^(4 <- 12, 4)
    3[00] (bBBi)[1, 1, 0, 703]
 1000[05] (Bbii)[1, 0, 0, 1]
    ^(4 <- 12, 4)
    3[04] (bBiB)[1, 3, 2002, 0]
    3[18] (biifhfiBii)[1, 1, 0, 0.0, -1, 0.0, 10010400, 255, 0, 0]
    ^(36 <- 4, 4)
    ^(8 <- 8, 4)
    3[06] (bb)[2, 1]
    3[18] (biifhfiBii)[2, 1, 0, 0.0, -1, 0.0, 10010400, 255, 0, 0]
    ^(36 <- 4, 4)
    ^(8 <- 8, 4)
    0[00] (bBb)[-1, 1, 1]
    0[00] (bBb)[-1, 1, 2]
    0[00] (bBb)[0, 1, -1]
 1003[02] (BBBi)[0, 1, 0, 0]
    ^(4 <- 0, 4)
 2007[01] (ihhif)[10010160, 0, 6, -1, 3.0]
    ^(8 <- 4, 4)
 1000[04] (B)[1]

11200120, 0
 1003[01] (BBBi)[2, 0, 1, 0]
 2005[03] (iB)[1201300, 0]
 1000[04] (B)[0]
    5[00] (bBi)[0, 1, 1201300]
 2003[02] (iB)[11200120, 1]

11205150, 1
    4[02] (bibf)[1, 0, 5, 0.800000011920929]
    ^(4 <- 0, 4)
    4[07] (biB)[1, 0, 1]
    ^(4 <- 0, 4)
    0[00] (bBb)[0, 1, 1]
 2004[17] (iiB)[0, 1, 0]
    ^(0 <- 0, 4)
 2004[20] (i)[0]
    ^(0 <- 0, 4)

11205180, 1
 1000[05] (Bbii)[3, 0, 0, 0]
    ^(4 <- 4, 4)
    4[09] (biB)[0, 0, 3]
    ^(4 <- 0, 4)
 2004[13] (ii)[0, 1202732]
    ^(0 <- 0, 4)
 1000[04] (B)[0]
 1003[01] (BBBi)[6, 1, 2, 0]
 2004[09] (iiiiii)[0, 9000, -1, -1, -1, -1]
    ^(0 <- 0, 4)
 2004[01] (iB)[0, 0]
    ^(0 <- 0, 4)
    4[02] (bibf)[0, 1200350, 5, 0.4000000059604645]
 1001[02] (ff)[0.0, 1.0]
 2004[09] (iiiiii)[0, -1, -1, 9060, -1, -1]
    ^(0 <- 0, 4)
 2004[01] (iB)[0, 1]
    ^(0 <- 0, 4)
 2004[13] (ii)[0, 1202732]
    ^(0 <- 0, 4)

11205190, 1
 1003[02] (BBBi)[0, 1, 2, 0]
 2004[10] (iB)[0, 0]
    ^(0 <- 0, 4)
 2004[05] (iB)[0, 0]
    ^(0 <- 0, 4)
 2004[01] (iB)[0, 0]
    ^(0 <- 0, 4)
    3[02] (bBii)[0, 1, 10000, 0]
    ^(8 <- 4, 4)
 1001[00] (f)[0.0]
    ^(0 <- 8, 4)
 2004[10] (iB)[0, 1]
    ^(0 <- 0, 4)
 2004[05] (iB)[0, 1]
    ^(0 <- 0, 4)
 2003[18] (iiBBB)[0, 7000, 0, 1, 0]
    ^(0 <- 0, 4)
 2004[01] (iB)[0, 1]
    ^(0 <- 0, 4)

11205200, 1
 1003[01] (BBBi)[2, 0, 2, 0]
 2004[09] (iiiiii)[0, -1, -1, -1, -1, -1]
    ^(0 <- 0, 4)
 1000[04] (B)[0]
 2004[01] (iB)[0, 0]
    ^(0 <- 0, 4)
    3[03] (bBiif)[-1, 1, 0, 10000, 0.0]
    ^(4 <- 0, 4)
    ^(12 <- 4, 4)
    4[01] (bii)[-1, 0, 10000]
    ^(4 <- 0, 4)
    4[01] (bii)[-1, 0, 6521]
    ^(4 <- 0, 4)
    0[00] (bBb)[0, 1, -1]
 2004[01] (iB)[0, 1]
    ^(0 <- 0, 4)
 2004[09] (iiiiii)[0, -1, -1, 9060, -1, -1]
    ^(0 <- 0, 4)

11205250, 1
 1003[01] (BBBi)[2, 0, 2, 0]
 2004[09] (iiiiii)[0, -1, -1, -1, -1, -1]
    ^(0 <- 0, 4)
 1000[04] (B)[0]
 2004[01] (iB)[0, 0]
    ^(0 <- 0, 4)
    4[01] (bii)[-1, 0, 10000]
    ^(4 <- 0, 4)
    4[01] (bii)[-1, 0, 6521]
    ^(4 <- 0, 4)
    3[02] (bBii)[-1, 1, 10000, 0]
    ^(8 <- 4, 4)
    3[02] (bBii)[-1, 1, 6521, 0]
    ^(8 <- 4, 4)
    0[00] (bBb)[0, 1, -1]
 2004[01] (iB)[0, 1]
    ^(0 <- 0, 4)
 2004[09] (iiiiii)[0, -1, -1, 9060, -1, -1]
    ^(0 <- 0, 4)

11205290, 1
 1003[01] (BBBi)[2, 0, 2, 0]
 2004[09] (iiiiii)[0, -1, -1, -1, -1, -1]
    ^(0 <- 0, 4)
 1000[04] (B)[0]
 2004[01] (iB)[0, 0]
    ^(0 <- 0, 4)
    4[01] (bii)[-1, 0, 10000]
    ^(4 <- 0, 4)
    4[01] (bii)[-1, 0, 6521]
    ^(4 <- 0, 4)
 1000[05] (Bbii)[1, 0, 0, 0]
    ^(8 <- 12, 4)
 1003[05] (Bb)[1, 1]
    3[00] (bBBi)[-1, 1, 0, 0]
    ^(4 <- 4, 4)
    0[00] (bBb)[0, 1, -1]
 1001[00] (f)[0.0]
    ^(0 <- 8, 4)
 2004[01] (iB)[0, 1]
    ^(0 <- 0, 4)
 2004[09] (iiiiii)[0, -1, -1, 9060, -1, -1]
    ^(0 <- 0, 4)

11205230, 1
 1003[01] (BBBi)[2, 0, 2, 0]
 2004[09] (iiiiii)[0, -1, -1, -1, -1, -1]
    ^(0 <- 0, 4)
 1000[04] (B)[0]
 2004[31] (iB)[0, 1]
    ^(0 <- 0, 4)
 2004[10] (iB)[0, 0]
    ^(0 <- 0, 4)
    3[03] (bBiif)[-1, 1, 0, 10000, 0.0]
    ^(4 <- 0, 4)
    ^(12 <- 4, 4)
    3[03] (bBiif)[-1, 1, 0, 6521, 0.0]
    ^(4 <- 0, 4)
    ^(12 <- 4, 4)
    4[01] (bii)[-2, 0, 10000]
    ^(4 <- 0, 4)
    4[01] (bii)[-2, 0, 6521]
    ^(4 <- 0, 4)
    0[00] (bBb)[1, 1, -1]
    0[00] (bBb)[2, 1, -2]
    0[00] (bBb)[-3, 1, 1]
    0[00] (bBb)[-3, 1, 2]
    0[00] (bBb)[0, 1, -3]
 2004[31] (iB)[0, 0]
    ^(0 <- 0, 4)
 2004[10] (iB)[0, 1]
    ^(0 <- 0, 4)
 1000[08] (BBb)[0, 1, 2]
 2004[09] (iiiiii)[0, -1, -1, 9063, -1, -1]
    ^(0 <- 0, 4)

11205240, 1
    4[05] (biiB)[0, 0, 5110, 1]
    ^(4 <- 0, 4)
 2004[13] (ii)[0, 0]
    ^(0 <- 0, 4)
    ^(4 <- 4, 4)

11205260, 1
 1003[01] (BBBi)[2, 0, 2, 0]
 2004[09] (iiiiii)[0, -1, -1, -1, -1, -1]
    ^(0 <- 0, 4)
 1000[04] (B)[0]
    3[03] (bBiif)[-1, 1, 0, 10000, 0.0]
    ^(4 <- 0, 4)
    ^(12 <- 4, 4)
    3[03] (bBiif)[-1, 1, 0, 6521, 0.0]
    ^(4 <- 0, 4)
    ^(12 <- 4, 4)
    0[00] (bBb)[0, 1, -1]
 2004[09] (iiiiii)[0, -1, -1, 9060, -1, -1]
    ^(0 <- 0, 4)

11205280, 1
 1003[01] (BBBi)[2, 0, 2, 0]
 2004[09] (iiiiii)[0, -1, -1, -1, -1, -1]
    ^(0 <- 0, 4)
 1000[04] (B)[0]
    3[03] (bBiif)[-1, 1, 0, 10000, 0.0]
    ^(4 <- 0, 4)
    ^(12 <- 4, 4)
    3[03] (bBiif)[-1, 1, 0, 6521, 0.0]
    ^(4 <- 0, 4)
    ^(12 <- 4, 4)
    3[02] (bBii)[-1, 1, 10000, 0]
    ^(8 <- 8, 4)
    3[02] (bBii)[-1, 1, 6521, 0]
    ^(8 <- 8, 4)
    0[00] (bBb)[0, 1, -1]
 2004[09] (iiiiii)[0, -1, -1, 9060, -1, -1]
    ^(0 <- 0, 4)

11205000, 1
 2004[10] (iB)[1200000, 0]
 2004[31] (iB)[1200000, 1]
 1003[01] (BBBi)[1, 1, 1, 0]
    3[02] (bBii)[0, 1, 10000, 1202100]
 2004[10] (iB)[1200000, 1]
 2004[31] (iB)[1200000, 0]
 2004[13] (ii)[1200000, 1202101]

11200800, 1
 2004[05] (iB)[1200200, 0]
 1003[02] (BBBi)[0, 1, 1, 0]
 1003[01] (BBBi)[1, 1, 0, 11200801]
    3[00] (bBBi)[0, 1, 0, 703]
 2004[05] (iB)[1200200, 1]
    4[07] (biB)[0, 1200200, 1]
 2004[26] (iBB)[1200200, 0, 1]
    4[00] (biB)[0, 1200200, 1]
 2003[02] (iB)[11200800, 1]

11200801, 1
 1003[01] (BBBi)[2, 0, 1, 0]
 2004[05] (iB)[1200010, 0]
 1000[04] (B)[0]
    4[00] (biB)[-1, 1200010, 1]
    4[00] (biB)[1, 1200011, 1]
    4[00] (biB)[1, 1200012, 1]
    4[00] (biB)[1, 1200013, 1]
    4[00] (biB)[1, 1200014, 1]
    4[00] (biB)[1, 1200015, 1]
    4[00] (biB)[1, 1200016, 1]
    4[00] (biB)[1, 1200017, 1]
    0[00] (bBb)[-1, 1, 1]
    0[00] (bBb)[0, 1, -1]
 2004[04] (iB)[1200010, 1]
    4[03] (bib)[-7, 10000, 0]
    4[03] (bib)[-7, 10000, 8]
 1000[02] (BBb)[0, 0, -7]
 2003[36] (i)[35300100]

11205300, 1
 2004[05] (iB)[0, 0]
    ^(0 <- 8, 4)
 1003[01] (BBBi)[4, 0, 2, 0]
 2004[26] (iBB)[1200010, 0, 0]
    ^(4 <- 16, 1)
 2004[27] (iBB)[1200010, 0, 1]
    ^(4 <- 17, 1)
 2004[08] (ii)[1200010, 0]
    ^(4 <- 20, 4)
 1000[04] (B)[0]
    4[07] (biB)[0, 1200010, 1]
 2004[22] (ihhiffBB)[1200010, 0, 0, 176, 1.0, 1.0, 0, 0]
    ^(6 <- 0, 2)
    ^(4 <- 2, 2)
    4[06] (biiib)[1, 1200010, 0, 0, 5]
    ^(8 <- 4, 4)
    4[02] (bibf)[2, 1200010, 5, 0.0]
    0[00] (bBb)[-1, 1, 1]
    0[00] (bBb)[-1, 1, 2]
    0[00] (bBb)[0, 1, -1]
 1000[08] (BBb)[0, 1, 2]
 2004[43] (iB)[1200010, 0]
 2004[42] (iBiii)[0, 2, 1200010, -1, 1200010]
    ^(0 <- 8, 4)
    ^(12 <- 12, 4)
 2004[05] (iB)[0, 1]
    ^(0 <- 8, 4)
 2003[18] (iiBBB)[0, 8100, 0, 0, 0]
    ^(0 <- 8, 4)
 2003[18] (iiBBB)[1200010, 8000, 0, 0, 0]
 2004[26] (iBB)[1200010, 0, 0]
    ^(4 <- 16, 1)
 2004[27] (iBB)[1200010, 0, 1]
    ^(4 <- 17, 1)
 2004[08] (ii)[1200010, 0]
    ^(4 <- 20, 4)

11200200, 0
 2000[02] (B)[0]
 1003[06] (Bb)[0, 1]
    3[06] (bb)[1, 0]
    4[12] (bB)[2, 7]
    0[00] (bBb)[1, 0, 2]
   11[02] (bi)[-1, 1203500]
   11[02] (bi)[-1, 1203501]
   11[02] (bi)[-1, 1203502]
   11[02] (bi)[-1, 1203503]
   11[02] (bi)[-1, 1203504]
    0[00] (bBb)[1, 1, -1]
    0[00] (bBb)[0, 1, 1]
 2004[08] (ii)[10000, 4500]
 1001[01] (i)[10]
 1000[04] (B)[1]

11200810, 1
 1003[01] (BBBi)[6, 0, 2, 0]
 1000[05] (Bbii)[3, 0, 0, 1]
    ^(4 <- 4, 4)
 2004[05] (iB)[0, 0]
    ^(0 <- 0, 4)
 2004[04] (iB)[0, 0]
    ^(0 <- 0, 4)
 1000[04] (B)[0]
 2004[37] (i)[0]
    ^(0 <- 0, 4)
 1000[04] (B)[0]
    4[00] (biB)[0, 0, 1]
    ^(4 <- 0, 4)
 1000[06] (Bbii)[0, 0, 0, 0]
    ^(4 <- 8, 4)
    4[03] (bib)[-7, 10000, 0]
    4[03] (bib)[-7, 10000, 8]
 1000[02] (BBb)[0, 0, -7]
 2003[36] (i)[0]
    ^(0 <- 8, 4)

11200600, 0
 1003[01] (BBBi)[4, 0, 2, 0]
 2005[07] (ii)[0, 0]
    ^(0 <- 0, 4)
 2005[06] (iiB)[0, -1, 0]
    ^(0 <- 0, 4)
 2005[04] (iB)[0, 1]
    ^(0 <- 0, 4)
 1000[04] (B)[0]
 2005[04] (iB)[0, 0]
    ^(0 <- 0, 4)
    5[02] (bi)[0, 0]
    ^(4 <- 4, 4)
 1001[01] (i)[10]
 2005[04] (iB)[0, 1]
    ^(0 <- 0, 4)

11200690, 0
 1003[01] (BBBi)[6, 1, 1, 0]
 2005[04] (iB)[1201600, 0]
 2005[03] (iB)[1201600, 0]
    3[00] (bBBi)[-1, 1, 0, 1123]
    3[00] (bBBi)[-1, 1, 0, 1130]
    0[00] (bBb)[0, 1, -1]
 2005[03] (iB)[1201600, 1]
 2005[04] (iB)[1201600, 1]

11200510, 0
    4[02] (bibf)[1, 0, 5, 0.8999999761581421]
    ^(4 <- 0, 4)
    4[02] (bibf)[1, 0, 2, 0.0]
    ^(4 <- 0, 4)
    4[01] (bii)[1, 0, 10000]
    ^(4 <- 0, 4)
    3[00] (bBBi)[2, 1, 0, 0]
    ^(4 <- 4, 4)
    3[00] (bBBi)[2, 1, 2, 0]
    3[00] (bBBi)[3, 1, 0, 0]
    ^(4 <- 4, 4)
    3[00] (bBBi)[3, 0, 2, 0]
    0[00] (bBb)[-1, 1, 1]
    0[00] (bBb)[-1, 1, 2]
    0[00] (bBb)[-1, 1, 3]
    0[00] (bBb)[0, 1, -1]
 1000[07] (BBb)[2, 0, 3]
 2004[05] (iB)[0, 0]
    ^(0 <- 0, 4)
    3[00] (bBBi)[0, 1, 0, 703]
 2003[02] (iB)[0, 1]
    ^(0 <- 4, 4)
 2004[44] (iB)[0, 9]
    ^(0 <- 0, 4)
 2000[05] (B)[0]

11200520, 0
 1003[01] (BBBi)[2, 0, 2, 0]
 2004[37] (i)[0]
    ^(0 <- 0, 4)
 1000[04] (B)[0]
    4[02] (bibf)[0, 0, 5, 0.0]
    ^(4 <- 0, 4)
 2003[22] (iiB)[0, 0, 0]
    ^(0 <- 4, 4)
    ^(4 <- 8, 4)
 2003[02] (iB)[0, 1]
    ^(0 <- 12, 4)

11200501, 0
    3[00] (bBBi)[1, 0, 0, 1603]
    3[00] (bBBi)[1, 1, 0, 1600]
    4[02] (bibf)[1, 0, 5, 0.8999999761581421]
    ^(4 <- 0, 4)
    4[02] (bibf)[1, 0, 2, 0.0]
    ^(4 <- 0, 4)
    4[01] (bii)[1, 0, 10000]
    ^(4 <- 0, 4)
    3[00] (bBBi)[1, 0, 1, 0]
    3[00] (bBBi)[2, 0, 0, 1763]
    3[00] (bBBi)[2, 1, 0, 1760]
    4[02] (bibf)[2, 6420, 5, 0.8999999761581421]
    4[02] (bibf)[2, 6420, 2, 0.0]
    4[01] (bii)[2, 6420, 10000]
    3[00] (bBBi)[2, 0, 1, 0]
    3[00] (bBBi)[3, 1, 0, 746]
    3[00] (bBBi)[3, 0, 1, 0]
    3[00] (bBBi)[-2, 1, 0, 0]
    ^(4 <- 4, 4)
    3[00] (bBBi)[-2, 1, 0, 1763]
    0[00] (bBb)[4, 1, -2]
    3[00] (bBBi)[4, 1, 1, 0]
    0[00] (bBb)[-1, 1, 1]
    0[00] (bBb)[-1, 1, 2]
    0[00] (bBb)[-1, 1, 3]
    0[00] (bBb)[-1, 1, 4]
    0[00] (bBb)[0, 1, -1]
 1000[07] (BBb)[4, 1, 4]
 1003[01] (BBBi)[1, 1, 0, 1604]
 2003[02] (iB)[0, 1]
    ^(0 <- 4, 4)
 1003[01] (BBBi)[1, 1, 0, 1764]
 2003[02] (iB)[1763, 1]
 1003[01] (BBBi)[1, 1, 0, 1604]
 2004[05] (iB)[0, 1]
    ^(0 <- 0, 4)
 1003[01] (BBBi)[1, 1, 0, 1764]
 2004[05] (iB)[6420, 1]
 2004[02] (iB)[0, 6]
    ^(0 <- 0, 4)
 2004[02] (iB)[6420, 6]
 2000[05] (B)[0]
 2003[02] (iB)[1766, 1]

11200530, 0
    3[00] (bBBi)[1, 1, 0, 1120]
    3[00] (bBBi)[1, 1, 0, 11200800]
    0[00] (bBb)[0, 1, 1]
 2003[22] (iiB)[0, 0, 0]
    ^(0 <- 4, 4)
    ^(4 <- 8, 4)
 2003[02] (iB)[0, 1]
    ^(0 <- 12, 4)
 2004[42] (iBiii)[0, 2, 1200200, 101, 1200200]
    ^(0 <- 0, 4)
 2004[05] (iB)[0, 1]
    ^(0 <- 0, 4)
 1001[00] (f)[0.5]
 2004[09] (iiiiii)[0, 7875, -1, -1, -1, -1]
    ^(0 <- 0, 4)
 2003[18] (iiBBB)[0, 7876, 0, 0, 0]
    ^(0 <- 0, 4)

11200531, 0
    3[00] (bBBi)[1, 1, 0, 1121]
    3[00] (bBBi)[1, 1, 0, 11200590]
    0[00] (bBb)[0, 1, 1]
 2003[22] (iiB)[0, 0, 0]
    ^(0 <- 4, 4)
    ^(4 <- 8, 4)
 2003[02] (iB)[0, 1]
    ^(0 <- 12, 4)
 2003[18] (iiBBB)[0, 7877, 0, 1, 0]
    ^(0 <- 0, 4)
 2003[18] (iiBBB)[0, 8289, 0, 1, 0]
    ^(0 <- 0, 4)
 2004[05] (iB)[0, 0]
    ^(0 <- 0, 4)

11200532, 0
    3[00] (bBBi)[1, 1, 0, 1121]
    3[00] (bBBi)[1, 1, 0, 11200591]
    0[00] (bBb)[0, 1, 1]
 2003[22] (iiB)[0, 0, 0]
    ^(0 <- 4, 4)
    ^(4 <- 8, 4)
 2003[02] (iB)[0, 1]
    ^(0 <- 12, 4)
 2003[18] (iiBBB)[0, 7877, 0, 1, 0]
    ^(0 <- 0, 4)
 2003[18] (iiBBB)[0, 8289, 0, 1, 0]
    ^(0 <- 0, 4)
 2004[05] (iB)[0, 0]
    ^(0 <- 0, 4)

11200533, 0
 2006[01] (iB)[1203100, 0]
 2006[01] (iB)[1203101, 0]
 2006[01] (iB)[1203102, 0]
 2006[01] (iB)[1203103, 0]
 1003[06] (Bb)[0, 1]
    3[04] (bBiB)[1, 3, 2520, 0]
    3[00] (bBBi)[1, 1, 0, 1122]
    3[00] (bBBi)[2, 1, 0, 1129]
    0[00] (bBb)[-1, 1, 1]
    0[00] (bBb)[-1, 1, 2]
    0[00] (bBb)[0, 1, -1]
 2003[17] (IIB)[11200210, 11200213, 1]
 1003[01] (BBBi)[1, 0, 0, 11200210]
 2006[02] (i)[1203100]
 1003[01] (BBBi)[1, 0, 0, 11200211]
 2006[02] (i)[1203101]
 1003[01] (BBBi)[1, 0, 0, 11200212]
 2006[02] (i)[1203102]
 1003[01] (BBBi)[1, 0, 0, 11200213]
 2006[02] (i)[1203103]

11205040, 0
 1003[01] (BBBi)[2, 0, 0, 11200215]
 2004[05] (iB)[6051, 1]
 1000[04] (B)[0]
    3[00] (bBBi)[1, 1, 0, 1122]
    3[00] (bBBi)[1, 1, 0, 0]
    ^(4 <- 0, 4)
    3[05] (biifhfiBi)[1, 1, 0, 0.0, 0, 0.0, 50000000, 48, 0]
    ^(8 <- 4, 4)
    0[00] (bBb)[0, 1, 1]
 2003[02] (iB)[11200215, 1]
 2006[01] (iB)[0, 1]
    ^(0 <- 8, 4)
 2004[40] (iBiii)[6051, 1, 0, -1, 1203150]
    ^(8 <- 4, 4)
 1001[00] (f)[5.0]
 2004[05] (iB)[6051, 1]
 2006[03] (iiii)[1, 0, -1, 120]
    ^(4 <- 4, 4)
 2004[09] (iiiiii)[6051, 7875, -1, -1, -1, -1]
 2003[18] (iiBBB)[6051, 6951, 0, 1, 0]
 2003[18] (iiBBB)[6051, 7876, 0, 0, 0]
 2003[02] (iB)[11205310, 1]

11200534, 0
    3[00] (bBBi)[1, 1, 0, 1122]
    3[00] (bBBi)[1, 1, 0, 11205310]
    4[00] (biB)[1, 0, 0]
    ^(4 <- 0, 4)
    0[00] (bBb)[0, 1, 1]
 2003[22] (iiB)[0, 0, 0]
    ^(0 <- 4, 4)
    ^(4 <- 8, 4)
 2003[02] (iB)[0, 1]
    ^(0 <- 12, 4)

11200529, 0
 1003[02] (BBBi)[0, 1, 0, 17]
    3[00] (bBBi)[-1, 1, 0, 1122]
    3[00] (bBBi)[-1, 1, 0, 1125]
    3[00] (bBBi)[-1, 1, 0, 1126]
    0[00] (bBb)[1, 1, -1]
    3[04] (bBiB)[1, 3, 2520, 1]
    0[00] (bBb)[0, 1, 1]
 1003[01] (BBBi)[2, 1, 0, 1125]
 1003[01] (BBBi)[1, 1, 0, 1126]
 2003[22] (iiB)[0, 0, 0]
    ^(0 <- 0, 4)
    ^(4 <- 4, 4)
 2003[02] (iB)[0, 1]
    ^(0 <- 8, 4)

11200527, 0
    3[00] (bBBi)[0, 1, 0, 1128]
 1003[01] (BBBi)[5, 1, 0, 1125]
 1003[01] (BBBi)[8, 1, 0, 1126]
 2003[22] (iiB)[0, 0, 0]
    ^(0 <- 4, 4)
    ^(4 <- 8, 4)
 2003[02] (iB)[0, 1]
    ^(0 <- 12, 4)
 2004[05] (iB)[0, 0]
    ^(0 <- 0, 4)
 1000[04] (B)[0]
 2003[22] (iiB)[0, 0, 0]
    ^(0 <- 4, 4)
    ^(4 <- 8, 4)
 2003[02] (iB)[1125, 1]
 2004[05] (iB)[0, 0]
    ^(0 <- 0, 4)
 1000[04] (B)[0]
 2003[22] (iiB)[0, 0, 0]
    ^(0 <- 4, 4)
    ^(4 <- 8, 4)
 2003[02] (iB)[1126, 1]
 2004[05] (iB)[0, 0]
    ^(0 <- 0, 4)

11205070, 0
 1003[01] (BBBi)[2, 0, 0, 11200215]
 2004[05] (iB)[6051, 1]
 1000[04] (B)[0]
    3[00] (bBBi)[1, 1, 0, 1129]
    3[00] (bBBi)[1, 1, 0, 0]
    ^(4 <- 0, 4)
    3[05] (biifhfiBi)[1, 1, 0, 0.0, 0, 0.0, 50000000, 48, 0]
    ^(8 <- 4, 4)
    0[00] (bBb)[0, 1, 1]
 2003[02] (iB)[11200215, 1]
 2006[01] (iB)[0, 1]
    ^(0 <- 8, 4)
 2004[40] (iBiii)[6051, 1, 0, -1, 1203150]
    ^(8 <- 4, 4)
 1001[00] (f)[5.0]
 2004[05] (iB)[6051, 1]
 2006[03] (iiii)[1, 0, -1, 120]
    ^(4 <- 4, 4)
 2004[09] (iiiiii)[6051, 7875, -1, -1, -1, -1]
 2003[18] (iiBBB)[6051, 6951, 0, 1, 0]
 2003[18] (iiBBB)[6051, 7876, 0, 0, 0]
 2003[02] (iB)[11205311, 1]

11200525, 0
    3[00] (bBBi)[1, 1, 0, 1129]
    3[00] (bBBi)[1, 1, 0, 11205311]
    4[00] (biB)[1, 0, 0]
    ^(4 <- 0, 4)
    0[00] (bBb)[0, 1, 1]
 2003[22] (iiB)[0, 0, 0]
    ^(0 <- 4, 4)
    ^(4 <- 8, 4)
 2003[02] (iB)[0, 1]
    ^(0 <- 12, 4)

11200535, 0
 1003[05] (Bb)[1, 1]
 2003[02] (iB)[11205021, 0]
 1003[05] (Bb)[1, 0]
 1003[01] (BBBi)[5, 1, 0, 11205021]
    3[00] (bBBi)[1, 0, 0, 1603]
    3[00] (bBBi)[1, 0, 0, 1601]
    3[06] (bb)[1, 0]
    4[12] (bB)[1, 7]
    0[00] (bBb)[0, 1, 1]
 1003[01] (BBBi)[1, 1, 0, 1604]
 2004[05] (iB)[0, 1]
    ^(0 <- 0, 4)
 1003[01] (BBBi)[2, 1, 0, 1764]
 2004[05] (iB)[6420, 1]
 2003[02] (iB)[1766, 1]
 2003[02] (iB)[11205021, 1]

11200538, 0
    4[01] (bii)[0, 0, 10000]
    ^(4 <- 0, 4)
 2003[22] (iiB)[0, 0, 0]
    ^(0 <- 4, 4)
    ^(4 <- 8, 4)
 2003[02] (iB)[0, 1]
    ^(0 <- 12, 4)
 2003[18] (iiBBB)[0, 9030, 0, 1, 0]
    ^(0 <- 0, 4)
 2004[05] (iB)[0, 0]
    ^(0 <- 0, 4)

11200539, 0
    3[00] (bBBi)[1, 1, 0, 1710]
    3[00] (bBBi)[1, 1, 0, 746]
    4[00] (biB)[1, 0, 0]
    ^(4 <- 0, 4)
    0[00] (bBb)[0, 1, 1]
 2003[22] (iiB)[0, 0, 0]
    ^(0 <- 4, 4)
    ^(4 <- 8, 4)
 2003[02] (iB)[0, 1]
    ^(0 <- 12, 4)

11200540, 0
    3[00] (bBBi)[1, 1, 0, 1712]
    3[00] (bBBi)[1, 1, 0, 11200596]
    4[00] (biB)[1, 0, 0]
    ^(4 <- 0, 4)
    0[00] (bBb)[0, 1, 1]
 2003[22] (iiB)[0, 0, 0]
    ^(0 <- 4, 4)
    ^(4 <- 8, 4)
 2003[02] (iB)[0, 1]
    ^(0 <- 12, 4)
 2003[18] (iiBBB)[0, 7003, 0, 1, 0]
    ^(0 <- 0, 4)
 2004[05] (iB)[0, 0]
    ^(0 <- 0, 4)

11205054, 0
    4[12] (bB)[7, 7]
    4[03] (bib)[-7, 10000, 0]
    4[03] (bib)[-7, 10000, 8]
    3[00] (bBBi)[1, 0, 0, 11205055]
    3[00] (bBBi)[1, 1, 0, 11205053]
    0[00] (bBb)[1, 1, -7]
    0[00] (bBb)[1, 0, 7]
    3[00] (bBBi)[1, 0, 0, 11205050]
    3[00] (bBBi)[2, 0, 0, 11205055]
    3[00] (bBBi)[2, 1, 0, 11205053]
    0[00] (bBb)[2, 1, -7]
    0[00] (bBb)[2, 1, 7]
    4[01] (bii)[-6, 6380, 10000]
    3[00] (bBBi)[-6, 1, 0, 11205060]
    3[00] (bBBi)[-6, 1, 0, 11205061]
    3[00] (bBBi)[-6, 1, 0, 11205062]
    3[00] (bBBi)[-6, 1, 0, 11205063]
    3[00] (bBBi)[-6, 1, 0, 11205064]
    3[00] (bBBi)[-6, 1, 0, 11205065]
    3[00] (bBBi)[-6, 1, 0, 11205066]
    3[00] (bBBi)[-6, 1, 0, 11205067]
    3[00] (bBBi)[-6, 1, 0, 11205068]
    3[00] (bBBi)[-6, 1, 0, 745]
    0[00] (bBb)[2, 1, -6]
    3[00] (bBBi)[3, 0, 0, 11205055]
    3[00] (bBBi)[3, 0, 0, 11205053]
    0[00] (bBb)[3, 1, -7]
    0[00] (bBb)[3, 0, 7]
    3[00] (bBBi)[3, 1, 0, 11205050]
    3[00] (bBBi)[4, 0, 0, 11205055]
    3[00] (bBBi)[4, 0, 0, 11205053]
    0[00] (bBb)[4, 1, -7]
    0[00] (bBb)[4, 1, 7]
    0[00] (bBb)[-1, 1, 1]
    0[00] (bBb)[-1, 1, 2]
    0[00] (bBb)[-1, 1, 3]
    0[00] (bBb)[-1, 1, 4]
    0[00] (bBb)[0, 1, -1]
 2003[02] (iB)[11205055, 1]
 1000[07] (BBb)[1, 0, 1]
 2003[02] (iB)[11205051, 1]
 1000[07] (BBb)[1, 0, 2]
 2003[02] (iB)[11205051, 1]
 1000[07] (BBb)[1, 0, 3]
 2003[02] (iB)[11205052, 1]
 1000[07] (BBb)[1, 0, 4]
 2003[02] (iB)[11205052, 1]
 1000[04] (B)[1]

11205056, 1
    4[12] (bB)[7, 7]
    4[03] (bib)[-7, 10000, 0]
    4[03] (bib)[-7, 10000, 8]
    3[00] (bBBi)[1, 1, 0, 11205051]
    0[00] (bBb)[1, 1, -7]
    0[00] (bBb)[1, 1, 7]
    3[00] (bBBi)[2, 1, 0, 11205051]
    0[00] (bBb)[2, 1, -7]
    0[00] (bBb)[2, 0, 7]
    0[00] (bBb)[-1, 1, 1]
    0[00] (bBb)[-1, 1, 2]
    0[00] (bBb)[0, 1, -1]
 2003[02] (iB)[11205051, 0]
 2003[02] (iB)[11205053, 0]
 1000[07] (BBb)[9, 1, 2]
    4[03] (bib)[-6, 10000, 0]
    4[03] (bib)[-6, 10000, 8]
 1000[01] (BBb)[3, 0, -6]
 2004[38] (B)[0]
 1003[01] (BBBi)[2, 1, 0, 9001]
 2004[46] (B)[0]
 2003[02] (iB)[9001, 1]
 2003[02] (iB)[742, 1]
 2003[02] (iB)[746, 1]
 2004[02] (iB)[6310, 6]
 2004[02] (iB)[6420, 6]
 2004[02] (iB)[1200300, 6]
 2004[02] (iB)[1200301, 6]
 2004[02] (iB)[1200302, 6]
 2004[02] (iB)[1200303, 6]
 2004[02] (iB)[1200304, 6]
 2004[02] (iB)[1200305, 6]
 2004[02] (iB)[1200306, 6]
 2000[05] (B)[0]
 2003[02] (iB)[11205055, 0]
 1000[04] (B)[1]

11205057, 1
    3[00] (bBBi)[0, 1, 0, 11205052]
 2003[02] (iB)[11205052, 0]
 2003[02] (iB)[11205053, 1]
 2004[02] (iB)[6310, 8]
 2004[02] (iB)[6420, 8]
 2004[02] (iB)[1200300, 8]
 2004[02] (iB)[1200301, 8]
 2004[02] (iB)[1200302, 8]
 2004[02] (iB)[1200303, 8]
 2004[02] (iB)[1200304, 8]
 2004[02] (iB)[1200305, 8]
 2004[02] (iB)[1200306, 8]
 2004[16] (i)[6310]
 2004[16] (i)[6420]
 2004[16] (i)[1200300]
 2004[16] (i)[1200301]
 2004[16] (i)[1200302]
 2004[16] (i)[1200303]
 2004[16] (i)[1200304]
 2004[16] (i)[1200305]
 2004[16] (i)[1200306]
 2004[20] (i)[6310]
 2004[20] (i)[6420]
 2004[20] (i)[1200300]
 2004[20] (i)[1200301]
 2004[20] (i)[1200302]
 2004[20] (i)[1200303]
 2004[20] (i)[1200304]
 2004[20] (i)[1200305]
 2004[20] (i)[1200306]
 2000[05] (B)[0]
 2003[02] (iB)[11205055, 0]
 1000[04] (B)[1]

11205058, 0
 1003[01] (BBBi)[2, 0, 0, 11205053]
 2003[02] (iB)[11205052, 1]
 1000[04] (B)[0]
 2004[02] (iB)[6310, 6]
 2004[02] (iB)[6420, 6]
 2004[02] (iB)[1200300, 6]
 2004[02] (iB)[1200301, 6]
 2004[02] (iB)[1200302, 6]
 2004[02] (iB)[1200303, 6]
 2004[02] (iB)[1200304, 6]
 2004[02] (iB)[1200305, 6]
 2004[02] (iB)[1200306, 6]
 2000[05] (B)[0]

11205060, 1
 1003[01] (BBBi)[1, 0, 0, 746]
 2004[02] (iB)[0, 6]
    ^(0 <- 0, 4)
    4[03] (bib)[-7, 10000, 0]
    4[03] (bib)[-7, 10000, 8]
    0[00] (bBb)[1, 1, -7]
    4[12] (bB)[1, 7]
    4[01] (bii)[1, 0, 10000]
    ^(4 <- 0, 4)
    4[02] (bibf)[1, 0, 5, 0.8999999761581421]
    ^(4 <- 0, 4)
    0[00] (bBb)[0, 1, 1]
 1000[04] (B)[0]

11205030, 0
 1003[05] (Bb)[1, 1]
 2004[28] (ii)[6521, 4095]
 1003[01] (BBBi)[3, 1, 0, 11205033]
    3[06] (bb)[2, 1]
    3[00] (bBBi)[2, 1, 0, 11205031]
 1000[01] (BBb)[1, 1, 2]
 2004[05] (iB)[6521, 0]
 1003[02] (BBBi)[0, 1, 0, 11200900]
    3[06] (bb)[1, 0]
    4[03] (bib)[1, 10000, 0]
    4[07] (biB)[1, 6521, 1]
    3[03] (bBiif)[1, 1, 6521, 10000, 10.0]
    0[00] (bBb)[0, 1, 1]
 2003[25] (iiiii)[0, 6521, 1202010, 11205031, 11205033]

11205032, 0
 1003[02] (BBBi)[0, 1, 1, 0]
    3[00] (bBBi)[1, 1, 0, 11205031]
    3[00] (bBBi)[1, 1, 0, 11205383]
    0[00] (bBb)[0, 1, 1]
 2004[17] (iiB)[6521, 10, 0]
 2004[20] (i)[6521]
    3[02] (bBii)[0, 1, 6521, 1202898]
 2004[14] (ii)[6521, 1202894]
 2003[18] (iiBBB)[6521, 7410, 0, 0, 0]
 2004[17] (iiB)[6521, -1, 0]
 2004[20] (i)[6521]

11200300, 0
    3[00] (bBBi)[0, 1, 0, 11205031]
 2003[02] (iB)[11200300, 1]

11200005, 0
    3[00] (bBBi)[-1, 1, 0, 1125]
    3[00] (bBBi)[-1, 1, 0, 1126]
    3[00] (bBBi)[-1, 1, 0, 1127]
    0[00] (bBb)[1, 1, -1]
    3[04] (bBiB)[1, 3, 2520, 1]
    3[00] (bBBi)[1, 0, 0, 17]
    0[00] (bBb)[0, 1, 1]
 1003[06] (Bb)[0, 1]
    3[06] (bb)[0, 3]
 2006[02] (i)[1202009]
    3[06] (bb)[0, 2]
 2006[01] (iB)[1202009, 1]
 1000[04] (B)[1]

11200006, 0
    3[00] (bBBi)[-1, 1, 0, 1125]
    3[00] (bBBi)[-1, 1, 0, 1126]
    3[00] (bBBi)[-1, 1, 0, 1127]
    0[00] (bBb)[1, 1, -1]
    3[04] (bBiB)[1, 3, 2520, 1]
    3[00] (bBBi)[1, 0, 0, 17]
    3[06] (bb)[1, 3]
    3[05] (biifhfiBi)[1, 1, 1202008, 0.0, -1, 0.0, 10010100, 48, 0]
    0[00] (bBb)[0, 1, 1]
 1003[06] (Bb)[0, 1]
 2002[04] (iIiBBi)[120002, 0, 1212510, 12, 1, 10000]
 1001[01] (i)[1]
 2000[05] (B)[0]
 1000[04] (B)[1]