0, 0
 1003[01] (BBBi)[1, 0, 0, 7]
 2009[03] (iiffi)[11310920, 1311950, 2.0, 180.0, 0]
 2009[03] (iiffi)[11310992, 1311960, 2.0, 180.0, 0]
 2009[03] (iiffi)[11310984, 1311961, 2.0, 180.0, 0]
 2009[00] (iii)[11310010, 11310011, 1311140]
 2009[00] (iii)[11310012, 11310013, 1311141]
 2009[00] (iii)[11310014, 11310015, 1311142]
 2009[00] (iii)[11310016, 11310017, 1311143]
 2009[00] (iii)[11310018, 11310019, 1311144]
 2009[00] (iii)[11310020, 11310021, 1311145]
 2009[00] (iii)[11310022, 11310023, 1311146]
 2009[00] (iii)[11310024, 11310025, 1311147]
 2009[00] (iii)[11310026, 11310027, 1311148]
 1003[05] (Bb)[2, 1]
 2003[02] (iB)[401, 1]
 2003[02] (iB)[11310000, 0]
    3[06] (bb)[1, 1]
    3[08] (bBBB)[1, 1, 13, 1]
 1000[01] (BBb)[2, 1, 1]
 2005[03] (iB)[1311994, 0]
 2006[01] (iB)[1311995, 0]
 1003[01] (BBBi)[2, 1, 0, 11310810]
 2005[04] (iB)[1311600, 0]
 2005[03] (iB)[1311600, 0]
 1003[01] (BBBi)[1, 0, 0, 11310810]
 2005[04] (iB)[1311600, 1]
 2000[00] (iII|III)[0, 11310090, 1311700, 1311701, 1312600, 1312601]
 2000[00] (iII)[0, 11315040, 0]
 2000[00] (iII)[0, 11315041, 0]
 2000[00] (iII)[0, 11315042, 0]
 2000[00] (iII)[0, 11310095, 0]
 2000[00] (iII)[0, 11315100, 0]
 2000[00] (iII)[0, 11310051, 0]
 2000[00] (iII)[0, 11310052, 0]
 2000[00] (iII)[0, 11310053, 0]
 2000[00] (iII)[0, 11310054, 0]
 2000[00] (iII)[0, 11310100, 0]
 2000[00] (iII)[0, 11315080, 0]
 2000[00] (iII|II)[0, 11315050, 1310200, 1310200, 0]
 2000[00] (iII|II)[1, 11315050, 1310201, 1310202, 0]
 2000[00] (iII|II)[2, 11315050, 1310202, 1310202, 0]
 2000[00] (iII|II)[0, 11315060, 1310203, 51310100, 0]
 2000[00] (iII|II)[1, 11315060, 1310204, 51310100, 1045220557]
 2000[00] (iII|II)[2, 11315060, 1310205, 51310100, 1063675494]
 2000[00] (iII|II)[3, 11315060, 1310206, 51310100, 1065353216]
 2000[00] (iII|II)[0, 11315070, 1310207, 1312251, 0]
 2000[00] (iII|II)[1, 11315070, 1310208, 1312251, 1045220557]
 2000[00] (iII|II)[2, 11315070, 1310209, 1312251, 1053609165]
 2000[00] (iII|II)[3, 11315070, 1310210, 1312251, 1058642330]
 2000[00] (iII|II)[4, 11315070, 1310211, 1312251, 1061997773]
 2000[00] (iII|I)[0, 11310820, 1310300, 27903000]
 2000[00] (iII|I)[1, 11310820, 1310400, 33005000]
 2010[03] (iB)[1313800, 0]
 1003[01] (BBBi)[4, 0, 0, 7]
 2000[00] (iII)[0, 11315392, 0]
 2005[03] (iB)[1311990, 0]
 2006[01] (iB)[1311991, 0]
 1000[03] (B)[13]
 2000[00] (iII)[0, 11315390, 0]
 2000[00] (iII)[0, 11315391, 0]
 2000[00] (iII)[0, 11315393, 0]
 2000[00] (iII)[0, 11315392, 0]
 2000[00] (iII)[0, 11310001, 0]
 2000[00] (iII)[0, 11315394, 0]
 2000[00] (iII)[0, 11315395, 0]
 2000[00] (iII)[0, 11315396, 0]
 2000[00] (iII)[0, 11315398, 0]
 2000[00] (iII)[0, 11315350, 1310120]
 2000[00] (iII)[1, 11315350, 1310121]
 2000[00] (iII)[2, 11315350, 1310122]
 2000[00] (iII)[3, 11315350, 1310123]
 2000[00] (iII)[4, 11315350, 1310124]
 2000[00] (iII)[5, 11315350, 1310125]

50, 0
 2004[45] (ii)[6551, 8948]
 2000[00] (iII)[0, 11315030, 0]
 2000[00] (iII)[0, 11310810, 0]
 2004[45] (ii)[6071, 8358]
 1003[01] (BBBi)[2, 1, 0, 1174]
 1003[01] (BBBi)[1, 1, 0, 1173]
 2004[05] (iB)[6071, 0]
 2000[00] (iII|I)[0, 11310502, 6071, 1176]
 2000[00] (iII|I)[0, 11310503, 6071, 1179]
 2000[00] (iII|III)[0, 11310533, 6071, 1170, 1181, 1177]
 2000[00] (iII|III)[0, 11310534, 6071, 1170, 1181, 1180]
 2000[00] (iII)[0, 11310530, 0]
 2000[00] (iII|III)[0, 11310531, 6071, 1170, 1181, 1174]
 2000[00] (iII|III)[0, 11310532, 6071, 1170, 1181, 1175]
 1003[01] (BBBi)[1, 1, 0, 1216]
 2004[05] (iB)[6091, 0]
 2004[02] (iB)[6091, 9]
 2000[00] (iII|III)[1, 11310520, 6091, 1210, 1219, 1214]
 1003[01] (BBBi)[1, 1, 0, 1226]
 2004[05] (iB)[6101, 0]
 2004[02] (iB)[6101, 9]
 2000[00] (iII|III)[2, 11310520, 6101, 1220, 1229, 1224]
 2004[45] (ii)[6321, 8478]
 1003[03] (BBBii)[1, 2, 0, 1623, 1625]
 2004[05] (iB)[6321, 0]
 2000[00] (iII|I)[0, 11310501, 6321, 1627]
 2000[00] (iII|I)[0, 11310543, 6321, 1625]
 2000[00] (iII|I)[0, 11310542, 6321, 1628]
 2000[00] (iII|III)[0, 11310540, 6321, 1620, 1631, 1623]
 2000[00] (iII|III)[0, 11310541, 6321, 1620, 1631, 1624]
 2000[00] (iII)[0, 11310002, 0]

11310090, 0
 1003[01] (BBBi)[3, 0, 2, 0]
 2005[03] (iB)[0, 0]
    ^(0 <- 0, 4)
 2006[01] (iB)[0, 0]
    ^(0 <- 4, 4)
 1000[04] (B)[0]
    3[18] (biifhfiBii)[1, 1, 0, 0.0, 0, 0.0, 10010403, 48, 0, 0]
    ^(36 <- 0, 4)
    ^(8 <- 8, 4)
    3[18] (biifhfiBii)[2, 1, 0, 0.0, 0, 0.0, 10010407, 48, 0, 0]
    ^(36 <- 0, 4)
    ^(8 <- 12, 4)
    0[00] (bBb)[-1, 1, 1]
    0[00] (bBb)[-1, 1, 2]
    0[00] (bBb)[0, 1, -1]
 1000[07] (BBb)[2, 1, 2]
 2004[41] (iBii)[10000, 1, 0, -1]
    ^(8 <- 8, 4)
 1000[03] (B)[1]
 2004[41] (iBii)[10000, 1, 0, -1]
    ^(8 <- 12, 4)
 2003[18] (iiBBB)[10000, 7410, 0, 0, 0]
 2005[03] (iB)[0, 0]
    ^(0 <- 0, 4)
 2006[01] (iB)[0, 1]
    ^(0 <- 4, 4)

11315040, 1
 1003[02] (BBBi)[0, 1, 1, 0]
 2004[05] (iB)[1310900, 0]
 2004[05] (iB)[1310901, 0]
 2004[05] (iB)[1310902, 0]
 2004[05] (iB)[1310903, 0]
 2004[05] (iB)[1310904, 0]
 2004[05] (iB)[1310905, 0]
 2004[05] (iB)[1310906, 0]
 2004[05] (iB)[1310907, 0]
 2004[05] (iB)[1310908, 0]
 2004[05] (iB)[1310909, 0]
    3[00] (bBBi)[0, 1, 0, 11310060]
 1003[02] (BBBi)[0, 1, 0, 735]
 2003[02] (iB)[5000, 1]
 2004[05] (iB)[1310900, 1]
 2004[05] (iB)[1310901, 1]
 2004[05] (iB)[1310902, 1]
 2004[05] (iB)[1310903, 1]
 2004[05] (iB)[1310904, 1]
 2004[05] (iB)[1310905, 1]
 2004[05] (iB)[1310906, 1]
 2004[05] (iB)[1310907, 1]
 2004[05] (iB)[1310908, 1]
 2004[05] (iB)[1310909, 1]

11315041, 1
    3[00] (bBBi)[-1, 1, 0, 11315045]
    3[00] (bBBi)[-1, 1, 0, 735]
    0[00] (bBb)[0, 1, -1]
 1003[01] (BBBi)[1, 0, 0, 735]
 2003[02] (iB)[735, 0]
 2003[02] (iB)[11310060, 0]
 2003[02] (iB)[11315045, 0]
 2003[02] (iB)[5001, 1]
 2004[04] (iB)[1310900, 0]
 2004[04] (iB)[1310901, 0]
 2004[04] (iB)[1310902, 0]
 2004[04] (iB)[1310903, 0]
 2004[04] (iB)[1310904, 0]
 2004[04] (iB)[1310905, 0]
 2004[04] (iB)[1310906, 0]
 2004[04] (iB)[1310907, 0]
 2004[04] (iB)[1310908, 0]
 2004[04] (iB)[1310909, 0]

11315042, 1
 1003[06] (Bb)[0, 1]
    3[11] (bBBB)[1, 1, 2, 50]
    3[08] (bBBB)[1, 1, 13, 1]
    0[00] (bBb)[-1, 1, 1]
    3[00] (bBBi)[-1, 1, 0, 11310060]
    0[00] (bBb)[0, 1, -1]
 1001[01] (i)[1]
    3[11] (bBBB)[2, 1, 2, 50]
    3[08] (bBBB)[2, 1, 13, 1]
    0[00] (bBb)[-2, 1, 2]
    3[00] (bBBi)[-2, 1, 0, 11310060]
 1000[02] (BBb)[1, 0, -2]
 1001[01] (i)[1]
    3[11] (bBBB)[3, 1, 2, 50]
    3[08] (bBBB)[3, 1, 13, 1]
    0[00] (bBb)[-3, 1, 3]
    3[00] (bBBi)[-3, 1, 0, 11310060]
 1000[02] (BBb)[1, 0, -3]
 1001[01] (i)[1]
    3[11] (bBBB)[4, 1, 2, 50]
    3[08] (bBBB)[4, 1, 13, 1]
    0[00] (bBb)[-4, 1, 4]
    3[00] (bBBi)[-4, 1, 0, 11310060]
 1000[02] (BBb)[1, 0, -4]
 1001[01] (i)[1]
    3[11] (bBBB)[5, 1, 2, 50]
    3[08] (bBBB)[5, 1, 13, 1]
    0[00] (bBb)[-5, 1, 5]
    3[00] (bBBi)[-5, 1, 0, 11310060]
 1000[02] (BBb)[1, 0, -5]
 1001[01] (i)[1]
    3[11] (bBBB)[6, 1, 2, 50]
    3[08] (bBBB)[6, 1, 13, 1]
    0[00] (bBb)[-6, 1, 6]
    3[00] (bBBi)[-6, 1, 0, 11310060]
 1000[02] (BBb)[1, 0, -6]
 2003[02] (iB)[11310060, 1]
 1001[00] (f)[600.0]
    3[11] (bBBB)[7, 1, 5, 50]
    3[08] (bBBB)[7, 1, 13, 1]
 1000[02] (BBb)[1, 0, 7]
 2003[02] (iB)[11310060, 0]
 2003[02] (iB)[11315045, 1]

11310095, 0
 1003[01] (BBBi)[5, 0, 0, 11800100]
 2003[02] (iB)[11310096, 1]
 2005[03] (iB)[1311710, 0]
 2006[01] (iB)[1311711, 0]
 2003[02] (iB)[401, 0]
 1000[04] (B)[0]
 1003[01] (BBBi)[3, 0, 0, 11310096]
 2005[03] (iB)[1311710, 0]
 2006[01] (iB)[1311711, 0]
 1000[04] (B)[0]
 1003[06] (Bb)[0, 1]
    3[18] (biifhfiBii)[0, 1, 1312610, 0.0, 0, 0.0, 10010410, 48, 0, 1311710]
 2007[03] (iB)[10010630, 1]
 1000[04] (B)[1]

11315390, 0
    3[00] (bBBi)[1, 0, 0, 7]
    4[00] (biB)[1, 1310800, 0]
    3[19] (biifhfiBii)[1, 1, 1312998, 0.0, -1, 0.0, 10010403, 48, 0, 1311990]
    0[00] (bBb)[0, 1, 1]
 2004[14] (ii)[10000, 1312997]
 2003[18] (iiBBB)[10000, 7410, 0, 0, 0]
 1000[04] (B)[1]

11315391, 0
    3[00] (bBBi)[1, 0, 0, 7]
    3[00] (bBBi)[1, 1, 0, 11315393]
    4[03] (bib)[1, 10000, 1]
    3[18] (biifhfiBii)[1, 1, 1312998, 0.0, -1, 0.0, 10010403, 255, 0, 1311990]
    0[00] (bBb)[0, 1, 1]
 2004[14] (ii)[10000, 1312997]
 2003[18] (iiBBB)[10000, 7410, 0, 0, 0]
 1000[04] (B)[1]

11315393, 0
 1003[01] (BBBi)[3, 1, 1, 0]
    3[00] (bBBi)[1, 0, 0, 7]
    3[00] (bBBi)[1, 1, 0, 11315390]
    0[00] (bBb)[0, 1, 1]
 1003[05] (Bb)[1, 1]
 2009[06] (B)[0]
 2009[04] (i)[1310800]
 2003[02] (iB)[11310050, 0]

11315392, 1
 1003[01] (BBBi)[17, 0, 0, 7]
 2004[05] (iB)[1310800, 0]
 2004[04] (iB)[1310800, 0]
 2004[05] (iB)[1310810, 0]
 2004[04] (iB)[1310810, 0]
 2004[05] (iB)[1310120, 0]
 2004[05] (iB)[1310121, 0]
 2004[05] (iB)[1310122, 0]
 2004[05] (iB)[1310123, 0]
 2004[05] (iB)[1310124, 0]
 2004[05] (iB)[1310125, 0]
 2004[04] (iB)[1310120, 0]
 2004[04] (iB)[1310121, 0]
 2004[04] (iB)[1310122, 0]
 2004[04] (iB)[1310123, 0]
 2004[04] (iB)[1310124, 0]
 2004[04] (iB)[1310125, 0]
 1000[04] (B)[0]
 1003[01] (BBBi)[1, 1, 1, 0]
 1003[01] (BBBi)[1, 1, 0, 11310000]
 2004[05] (iB)[1310800, 0]
 2004[01] (iB)[1310800, 0]
 2004[09] (iiiiii)[1310120, 9001, -1, -1, -1, -1]
 2004[09] (iiiiii)[1310121, 9001, -1, -1, -1, -1]
 2004[09] (iiiiii)[1310122, 9001, -1, -1, -1, -1]
 2004[09] (iiiiii)[1310123, 9001, -1, -1, -1, -1]
 2004[09] (iiiiii)[1310124, 9001, -1, -1, -1, -1]
 2004[09] (iiiiii)[1310125, 9001, -1, -1, -1, -1]
    3[06] (bb)[1, 0]
    3[00] (bBBi)[1, 0, 0, 11310050]
    3[02] (bBii)[1, 1, 10000, 1312999]
    0[00] (bBb)[0, 1, 1]
 2004[05] (iB)[1310810, 0]
 1003[01] (BBBi)[7, 1, 0, 11310000]
 1003[05] (Bb)[2, 2]
 2002[03] (iIi)[130100, 0, 10000]
 1000[03] (B)[1]
 2002[03] (iIi)[130100, 2, 10000]
 1001[01] (i)[1]
 2004[05] (iB)[1310800, 1]
 2003[02] (iB)[11310000, 1]
 2004[01] (iB)[1310800, 1]
 2003[11] (bihh)[1, 1310800, 0, 5220]
 2003[02] (iB)[11315392, 1]
 2000[02] (B)[0]
 2004[09] (iiiiii)[1310120, -1, -1, -1, -1, -1]
 2003[18] (iiBBB)[1310120, 9061, 0, 0, 0]
 1001[00] (f)[0.30000001192092896]
 2004[09] (iiiiii)[1310121, -1, -1, 9061, -1, -1]
 2003[18] (iiBBB)[1310121, 9061, 0, 0, 0]
 1001[00] (f)[0.5]
 2004[09] (iiiiii)[1310122, -1, -1, 9061, -1, -1]
 2003[18] (iiBBB)[1310122, 9061, 0, 0, 0]
 1001[00] (f)[0.20000000298023224]
 2004[09] (iiiiii)[1310123, -1, -1, 9061, -1, -1]
 2003[18] (iiBBB)[1310123, 9061, 0, 0, 0]
 1001[00] (f)[0.30000001192092896]
 2004[09] (iiiiii)[1310124, -1, -1, 9061, -1, -1]
 2003[18] (iiBBB)[1310124, 9061, 0, 0, 0]
 1001[00] (f)[0.699999988079071]
 2004[09] (iiiiii)[1310125, -1, -1, 9061, -1, -1]
 2003[18] (iiBBB)[1310125, 9061, 0, 0, 0]

11310001, 0
 2005[03] (iB)[1311950, 0]
    4[00] (biB)[0, 1310800, 1]
 2003[02] (iB)[7, 1]
 2003[12] (i)[1310800]
 1003[05] (Bb)[1, 1]
 2003[28] (i)[35]
 2005[03] (iB)[1311990, 0]
 2006[01] (iB)[1311991, 1]
 2004[04] (iB)[1310810, 0]
 2006[03] (iiii)[0, 1311950, -1, 90014]
 1001[00] (f)[2.0]
 2005[03] (iB)[1311950, 1]
 2009[03] (iiffi)[11310920, 1311950, 2.0, 180.0, 0]

11315394, 0
 2000[02] (B)[0]
    3[00] (bBBi)[1, 0, 0, 7]
    3[00] (bBBi)[1, 1, 0, 11315392]
 1003[05] (Bb)[1, 0]
    3[00] (bBBi)[1, 1, 0, 11315391]
    0[00] (bBb)[0, 1, 1]
 2010[03] (iB)[1313800, 1]

11315395, 0
 2000[02] (B)[0]
    3[00] (bBBi)[1, 1, 0, 7]
    3[00] (bBBi)[1, 1, 0, 11315394]
    0[00] (bBb)[0, 1, 1]
 2010[03] (iB)[1313800, 0]

11315396, 0
    4[02] (bibf)[0, 1310800, 5, 0.0]
 1003[01] (BBBi)[7, 0, 0, 11315370]
 2004[04] (iB)[1310110, 0]
 2004[04] (iB)[1310111, 0]
 2004[04] (iB)[1310112, 0]
 2004[04] (iB)[1310113, 0]
 2004[04] (iB)[1310114, 0]
 2004[04] (iB)[1310115, 0]
 1000[04] (B)[0]
 1003[01] (BBBi)[7, 0, 0, 11315371]
 2004[04] (iB)[1310110, 1]
 2004[04] (iB)[1310111, 1]
 2004[04] (iB)[1310112, 0]
 2004[04] (iB)[1310113, 0]
 2004[04] (iB)[1310114, 0]
 2004[04] (iB)[1310115, 0]
 1000[04] (B)[0]
 1003[01] (BBBi)[7, 0, 0, 11315372]
 2004[04] (iB)[1310110, 1]
 2004[04] (iB)[1310111, 1]
 2004[04] (iB)[1310112, 1]
 2004[04] (iB)[1310113, 1]
 2004[04] (iB)[1310114, 0]
 2004[04] (iB)[1310115, 0]
 1000[04] (B)[0]
 2004[04] (iB)[1310110, 1]
 2004[04] (iB)[1310111, 1]
 2004[04] (iB)[1310112, 1]
 2004[04] (iB)[1310113, 1]
 2004[04] (iB)[1310114, 1]
 2004[04] (iB)[1310115, 1]

11315397, 1
 2005[03] (iB)[1311200, 0]
 2005[03] (iB)[1311201, 0]
 2005[03] (iB)[1311202, 0]
 2004[05] (iB)[1310110, 0]
 2004[05] (iB)[1310111, 0]
 2004[05] (iB)[1310112, 0]
 2004[05] (iB)[1310113, 0]
 2004[05] (iB)[1310114, 0]
 2004[05] (iB)[1310115, 0]
 2000[00] (iII|IIIIII)[0, 11315370, 11315392, 342097922, 5220, 1311200, 1310110, 1310113, 8000]
 2000[00] (iII|IIIIII)[1, 11315370, 11315370, 342163459, 5221, 1311201, 1310111, 1310114, 8010]
 2000[00] (iII|IIIIII)[2, 11315370, 11315371, 342228996, 5222, 1311202, 1310112, 1310115, 8020]
    4[07] (biB)[0, 1310800, 1]
 2004[26] (iBB)[1310800, 0, 0]

11315398, 1
    3[00] (bBBi)[1, 1, 0, 11315390]
    4[04] (biiB)[1, 1310800, 10000, 1]
    4[08] (biiB)[1, 1310800, 700, 1]
    0[00] (bBb)[0, 1, 1]
 2005[11] (iih)[1311250, 10000, -1]
    4[08] (biiB)[0, 1310800, 710, 1]
 2005[09] (iiiiifff)[11315399, 1311250, 1, 11300, 1, 0.30000001192092896, 0.30000001192092896, 0.0]
 2006[03] (iiii)[0, 1311250, -1, 15224]
 1000[04] (B)[1]

11315370, 2
    3[00] (bBBi)[0, 1, 0, 0]
    ^(4 <- 0, 4)
 2004[22] (ihhiffBB)[1310800, 0, 0, 200, 1.0, 1.0, 0, 0]
    ^(6 <- 4, 2)
    ^(4 <- 6, 2)
    4[02] (bibf)[1, 1310800, 2, 0.0]
    4[06] (biiib)[1, 1310800, 0, 0, 5]
    ^(8 <- 8, 4)
    4[02] (bibf)[2, 1310800, 5, 0.0]
    0[00] (bBb)[-1, 1, 1]
    0[00] (bBb)[-1, 1, 2]
    0[00] (bBb)[0, 1, -1]
 1000[08] (BBb)[0, 1, 2]
 1003[01] (BBBi)[5, 1, 0, 11315370]
 2004[27] (iBB)[1310800, 1, 1]
 2004[26] (iBB)[1310800, 1, 0]
 2004[26] (iBB)[1310800, 4, 0]
 2004[26] (iBB)[1310800, 7, 0]
 1000[03] (B)[10]
 1003[01] (BBBi)[5, 1, 0, 11315371]
 2004[27] (iBB)[1310800, 2, 1]
 2004[26] (iBB)[1310800, 2, 0]
 2004[26] (iBB)[1310800, 5, 0]
 2004[26] (iBB)[1310800, 8, 0]
 1000[03] (B)[4]
 2004[27] (iBB)[1310800, 3, 1]
 2004[26] (iBB)[1310800, 3, 0]
 2004[26] (iBB)[1310800, 6, 0]
 2004[26] (iBB)[1310800, 9, 0]
 2005[03] (iB)[0, 1]
    ^(0 <- 12, 4)
 2005[11] (iih)[0, 1310800, 50]
    ^(0 <- 12, 4)
 2005[01] (ib)[0, 1]
    ^(0 <- 12, 4)
 2004[05] (iB)[0, 1]
    ^(0 <- 16, 4)
 2004[42] (iBiii)[0, 2, 1310800, 50, 1310800]
    ^(0 <- 16, 4)
 2003[18] (iiBBB)[0, 7000, 0, 0, 0]
    ^(0 <- 16, 4)
 2004[05] (iB)[0, 1]
    ^(0 <- 20, 4)
 2004[42] (iBiii)[0, 2, 1310800, 51, 1310800]
    ^(0 <- 20, 4)
 2003[18] (iiBBB)[0, 7000, 0, 0, 0]
    ^(0 <- 20, 4)
 2003[18] (iiBBB)[1310800, -1, 0, 1, 0]
    ^(4 <- 24, 4)

11315350, 1
 1003[02] (BBBi)[0, 1, 0, 7]
 1003[02] (BBBi)[0, 1, 2, 0]
 2004[12] (iB)[0, 1]
    ^(0 <- 0, 4)
    4[02] (bibf)[0, 1310800, 5, 0.0]
 2004[21] (ii)[0, 5451]
    ^(0 <- 0, 4)
 2004[12] (iB)[0, 0]
    ^(0 <- 0, 4)
 2004[04] (iB)[0, 1]
    ^(0 <- 0, 4)

11315100, 1
 2000[00] (iII)[0, 11315091, 0]
 2000[00] (iII)[0, 11315092, 0]
 2000[00] (iII|II)[0, 11315150, 11315100, 1313200, 11315101]
 2000[00] (iII|II)[1, 11315150, 11315101, 1313201, 11315102]
 2000[00] (iII|II)[2, 11315150, 11315102, 1313202, 11315103]
 2000[00] (iII|II)[3, 11315150, 11315103, 1313203, 11315104]
 2000[00] (iII|II)[4, 11315150, 11315104, 1313204, 11315105]
 2000[00] (iII|II)[5, 11315150, 11315105, 1313205, 11315106]
 2000[00] (iII|II)[6, 11315150, 11315106, 1313206, 11315107]
 2000[00] (iII|II)[7, 11315150, 11315107, 1313207, 11315108]
 2000[00] (iII|II)[8, 11315150, 11315108, 1313208, 11315109]
 2000[00] (iII|II)[9, 11315150, 11315109, 1313209, 11315110]
 2000[00] (iII|II)[10, 11315150, 11315110, 1313210, 11315111]
 2000[00] (iII|II)[11, 11315150, 11315111, 1313211, 11315112]
 2000[00] (iII|II)[12, 11315150, 11315112, 1313212, 11315113]
 2000[00] (iII|II)[13, 11315150, 11315113, 1313213, 11315114]
 2000[00] (iII|II)[14, 11315150, 11315114, 1313214, 11315115]
 2000[00] (iII|II)[15, 11315150, 11315115, 1313215, 11315116]
 2000[00] (iII|II)[16, 11315150, 11315116, 1313216, 11315117]
 2000[00] (iII|II)[17, 11315150, 11315117, 1313217, 11315118]
 2000[00] (iII|II)[18, 11315150, 11315118, 1313218, 11315119]
 2000[00] (iII|II)[19, 11315150, 11315119, 1313219, 11315120]
 2000[00] (iII|II)[20, 11315150, 11315120, 1313220, 11315121]
 2000[00] (iII|II)[21, 11315150, 11315121, 1313221, 11315122]
 2000[00] (iII|II)[22, 11315150, 11315122, 1313222, 11315123]
 2000[00] (iII|II)[23, 11315150, 11315123, 1313223, 11315124]
 2000[00] (iII|II)[24, 11315150, 11315100, 1313224, 11315125]
 2000[00] (iII|II)[25, 11315150, 11315125, 1313225, 11315126]
 2000[00] (iII|II)[26, 11315150, 11315126, 1313226, 11315127]
 2000[00] (iII|II)[27, 11315150, 11315127, 1313227, 11315128]
 2000[00] (iII|II)[28, 11315150, 11315128, 1313228, 11315129]
 2000[00] (iII|II)[29, 11315150, 11315129, 1313229, 11315130]
 2000[00] (iII|II)[30, 11315150, 11315130, 1313230, 11315131]
 2000[00] (iII|II)[31, 11315150, 11315131, 1313231, 11315132]
 2000[00] (iII|II)[32, 11315150, 11315132, 1313232, 11315133]
 2000[00] (iII|II)[33, 11315150, 11315133, 1313233, 11315134]
 2000[00] (iII|II)[34, 11315150, 11315134, 1313234, 11315135]
 2000[00] (iII|II)[35, 11315150, 11315135, 1313235, 11315136]
 2000[00] (iII|II)[36, 11315150, 11315136, 1313236, 11315137]
 2000[00] (iII|II)[37, 11315150, 11315137, 1313237, 11315138]
 2000[00] (iII|II)[38, 11315150, 11315138, 1313238, 11315139]
 2000[00] (iII|II)[39, 11315150, 11315139, 1313239, 11315140]
 2000[00] (iII|II)[40, 11315150, 11315140, 1313240, 11315141]
 2000[00] (iII|II)[41, 11315150, 11315141, 1313241, 11315142]
 2000[00] (iII|II)[42, 11315150, 11315142, 1313242, 11315143]
 2000[00] (iII|II)[43, 11315150, 11315143, 1313243, 11315144]
 2000[00] (iII|II)[44, 11315150, 11315144, 1313244, 11315145]
 2000[00] (iII|II)[45, 11315150, 11315145, 1313245, 11315146]
 2000[00] (iII|II)[46, 11315150, 11315146, 1313246, 11315147]
 2000[00] (iII|II)[47, 11315150, 11315147, 1313247, 11315148]
 2000[00] (iII|II)[48, 11315150, 11315148, 1313248, 11315149]

11315150, 2
 2000[02] (B)[0]
 1003[01] (BBBi)[4, 1, 0, 11315090]
 2006[01] (iB)[0, 0]
    ^(0 <- 4, 4)
    3[00] (bBBi)[1, 1, 0, 11315090]
    3[00] (bBBi)[1, 1, 0, 0]
    ^(4 <- 0, 4)
    0[00] (bBb)[0, 1, 1]
 2006[02] (i)[0]
    ^(0 <- 4, 4)
 2003[02] (iB)[0, 1]
    ^(0 <- 8, 4)
    3[00] (bBBi)[0, 0, 0, 11315090]
 2006[01] (iB)[0, 1]
    ^(0 <- 4, 4)
 2003[02] (iB)[0, 0]
    ^(0 <- 8, 4)
 1000[04] (B)[1]

11315091, 2
    4[10] (bB)[1, 1]
    1[00] (bf)[1, 2.0]
    0[00] (bBb)[0, 1, 1]
 2003[02] (iB)[11315090, 1]
 2003[08] (iiB)[11315092, 0, 1]
 1000[04] (B)[1]

11315092, 2
 2000[02] (B)[0]
    3[00] (bBBi)[0, 1, 0, 11315090]
 1001[00] (f)[3.0]
 2003[02] (iB)[11315090, 0]
 1000[04] (B)[1]

11315050, 1
 1003[01] (BBBi)[2, 0, 2, 0]
 2004[09] (iiiiii)[0, -1, -1, -1, -1, -1]
    ^(0 <- 0, 4)
 1000[04] (B)[0]
 2004[09] (iiiiii)[0, 9000, -1, -1, -1, -1]
    ^(0 <- 0, 4)
    3[03] (bBiif)[0, 1, 0, 10000, 5.0]
    ^(4 <- 4, 4)
 1001[00] (f)[0.0]
    ^(0 <- 8, 4)
 2004[09] (iiiiii)[0, -1, -1, 9060, -1, -1]
    ^(0 <- 0, 4)
 2004[20] (i)[0]
    ^(0 <- 0, 4)

11315060, 1
 1003[01] (BBBi)[2, 0, 0, 0]
    ^(4 <- 4, 4)
 2004[09] (iiiiii)[0, -1, -1, -1, -1, -1]
    ^(0 <- 0, 4)
 1000[04] (B)[0]
 2004[09] (iiiiii)[0, 9000, -1, -1, -1, -1]
    ^(0 <- 0, 4)
    3[06] (bb)[1, 0]
 1003[05] (Bb)[1, 1]
    3[00] (bBBi)[1, 1, 0, 0]
    ^(4 <- 4, 4)
    0[00] (bBb)[0, 1, 1]
 1001[00] (f)[0.0]
    ^(0 <- 8, 4)
 2004[09] (iiiiii)[0, -1, -1, 9060, -1, -1]
    ^(0 <- 0, 4)
 2004[20] (i)[0]
    ^(0 <- 0, 4)

11315070, 1
 1003[01] (BBBi)[2, 0, 0, 0]
    ^(4 <- 4, 4)
 2004[09] (iiiiii)[0, -1, -1, -1, -1, -1]
    ^(0 <- 0, 4)
 1000[04] (B)[0]
 2004[09] (iiiiii)[0, 9000, -1, -1, -1, -1]
    ^(0 <- 0, 4)
    3[02] (bBii)[0, 1, 10000, 0]
    ^(8 <- 4, 4)
 1001[00] (f)[0.0]
    ^(0 <- 8, 4)
 2004[09] (iiiiii)[0, -1, -1, 9060, -1, -1]
    ^(0 <- 0, 4)
 2004[20] (i)[0]
    ^(0 <- 0, 4)

11315080, 1
 1003[02] (BBBi)[0, 1, 1, 0]
 2004[01] (iB)[1310250, 0]
    3[03] (bBiif)[1, 1, 1310250, 10000, 7.0]
    4[01] (bii)[2, 1310250, 10000]
    0[00] (bBb)[-1, 1, 1]
    0[00] (bBb)[-1, 1, 2]
    0[00] (bBb)[0, 1, -1]
 2004[01] (iB)[1310250, 1]
 1000[08] (BBb)[0, 1, 2]
 2004[09] (iiiiii)[1310250, 9000, -1, -1, -1, -1]
 2003[18] (iiBBB)[1310250, 9070, 0, 1, 0]
 2004[41] (iBii)[1310250, 1, 1312250, -1]
    3[03] (bBiif)[-1, 1, 1310251, 10000, 5.0]
    4[01] (bii)[-1, 1310251, 10000]
    0[00] (bBb)[0, 1, -1]
 2004[09] (iiiiii)[1310250, -1, -1, 9060, -1, -1]

11310051, 0
 2004[05] (iB)[1310810, 0]
 2005[03] (iB)[1311300, 0]
 2005[06] (iiB)[1311300, -1, 0]
    3[00] (bBBi)[0, 1, 0, 11310050]
 1003[01] (BBBi)[1, 1, 0, 7]
 2004[05] (iB)[1310810, 1]
 2005[03] (iB)[1311300, 1]
 2005[06] (iiB)[1311300, -1, 1]
 2004[05] (iB)[1310120, 0]
 2004[05] (iB)[1310121, 0]
 2004[05] (iB)[1310122, 0]
 2004[05] (iB)[1310123, 0]
 2004[05] (iB)[1310124, 0]
 2004[05] (iB)[1310125, 0]
    3[00] (bBBi)[0, 0, 0, 11310050]
 2004[05] (iB)[1310120, 1]
 2004[05] (iB)[1310121, 1]
 2004[05] (iB)[1310122, 1]
 2004[05] (iB)[1310123, 1]
 2004[05] (iB)[1310124, 1]
 2004[05] (iB)[1310125, 1]
 1000[04] (B)[1]

11310052, 0
    5[02] (bi)[0, 11315340]
 2004[09] (iiiiii)[10000, 7151, -1, -1, 6082, -1]
 1001[00] (f)[3.0]
 2002[04] (iIiBBi)[130121, 0, 1302010, 13, 0, 10000]
 2002[03] (iIi)[130021, 0, 10000]
 1001[01] (i)[1]
 2004[09] (iiiiii)[10000, -1, -1, -1, -1, -1]
 2005[06] (iiB)[1311300, -1, 1]
 1000[04] (B)[1]

11310053, 0
    3[00] (bBBi)[0, 1, 0, 11315020]
 2004[14] (ii)[10000, 1310810]
 2003[18] (iiBBB)[10000, 7910, 0, 1, 0]
 2003[18] (iiBBB)[10000, 7911, 1, 0, 0]
    3[00] (bBBi)[0, 0, 0, 11315020]
 2004[09] (iiiiii)[10000, -1, -1, -1, -1, -1]
 2003[18] (iiBBB)[10000, 7912, 0, 1, 0]
 1000[04] (B)[1]

11310054, 0
 2000[02] (B)[0]
    3[06] (bb)[1, 3]
    3[00] (bBBi)[1, 1, 0, 11310050]
    3[03] (bBiif)[1, 1, 1311300, 10000, 2.0]
    0[00] (bBb)[0, 1, 1]
 1001[00] (f)[1.0]
 2004[09] (iiiiii)[10000, -1, -1, -1, -1, -1]
 2005[06] (iiB)[1311300, -1, 1]
    3[03] (bBiif)[0, 0, 1311300, 10000, 3.0]
 1000[04] (B)[1]

11310100, 0
 1003[01] (BBBi)[2, 0, 1, 0]
 2005[03] (iB)[1311400, 0]
 1000[04] (B)[0]
    5[00] (bBi)[0, 1, 1311400]
 1000[04] (B)[0]

11310820, 1
 1003[01] (BBBi)[3, 0, 2, 0]
 2004[05] (iB)[0, 0]
    ^(0 <- 0, 4)
 2004[04] (iB)[0, 0]
    ^(0 <- 0, 4)
 1000[04] (B)[0]
    4[00] (biB)[0, 0, 1]
    ^(4 <- 0, 4)
 1000[06] (Bbii)[0, 0, 0, 0]
    ^(4 <- 4, 4)
    4[03] (bib)[-7, 10000, 0]
    4[03] (bib)[-7, 10000, 8]
 1000[02] (BBb)[0, 0, -7]
 2003[36] (i)[0]
    ^(0 <- 4, 4)

11310510, 0
    4[02] (bibf)[1, 0, 5, 0.8999999761581421]
    ^(4 <- 0, 4)
    4[02] (bibf)[1, 0, 2, 0.0]
    ^(4 <- 0, 4)
    4[01] (bii)[1, 0, 10000]
    ^(4 <- 0, 4)
    3[00] (bBBi)[2, 1, 0, 0]
    ^(4 <- 4, 4)
    3[00] (bBBi)[2, 1, 2, 0]
    3[00] (bBBi)[3, 1, 0, 0]
    ^(4 <- 4, 4)
    3[00] (bBBi)[3, 0, 2, 0]
    0[00] (bBb)[-1, 1, 1]
    0[00] (bBb)[-1, 1, 2]
    0[00] (bBb)[-1, 1, 3]
    0[00] (bBb)[0, 1, -1]
 1000[07] (BBb)[2, 0, 3]
 2004[05] (iB)[0, 0]
    ^(0 <- 0, 4)
    3[00] (bBBi)[0, 1, 0, 703]
 2003[02] (iB)[0, 1]
    ^(0 <- 4, 4)
 2004[44] (iB)[0, 9]
    ^(0 <- 0, 4)
 2000[05] (B)[0]

11310520, 0
 1003[01] (BBBi)[2, 0, 2, 0]
 2004[37] (i)[0]
    ^(0 <- 0, 4)
 1000[04] (B)[0]
    4[02] (bibf)[0, 0, 5, 0.0]
    ^(4 <- 0, 4)
 2003[22] (iiB)[0, 0, 0]
    ^(0 <- 4, 4)
    ^(4 <- 8, 4)
 2003[02] (iB)[0, 1]
    ^(0 <- 12, 4)

11310501, 0
    3[00] (bBBi)[1, 0, 0, 1625]
    3[00] (bBBi)[1, 0, 0, 1627]
    3[00] (bBBi)[1, 0, 0, 1628]
    3[00] (bBBi)[-7, 1, 0, 1623]
    3[00] (bBBi)[-7, 1, 0, 1624]
    0[00] (bBb)[1, 1, -7]
    4[02] (bibf)[1, 0, 5, 0.8999999761581421]
    ^(4 <- 0, 4)
    4[02] (bibf)[1, 0, 2, 0.0]
    ^(4 <- 0, 4)
    4[01] (bii)[1, 0, 10000]
    ^(4 <- 0, 4)
    3[00] (bBBi)[1, 0, 1, 0]
    3[00] (bBBi)[2, 1, 0, 0]
    ^(4 <- 4, 4)
    3[00] (bBBi)[2, 1, 1, 0]
    0[00] (bBb)[-1, 1, 1]
    0[00] (bBb)[-1, 1, 2]
    0[00] (bBb)[0, 1, -1]
 2003[02] (iB)[0, 1]
    ^(0 <- 4, 4)
 2004[44] (iB)[0, 9]
    ^(0 <- 0, 4)
 2000[05] (B)[0]
 2004[05] (iB)[0, 1]
    ^(0 <- 0, 4)

11310502, 0
    3[00] (bBBi)[1, 0, 0, 1176]
    3[00] (bBBi)[1, 0, 0, 1179]
    3[00] (bBBi)[1, 1, 0, 1173]
    4[02] (bibf)[1, 0, 5, 0.8999999761581421]
    ^(4 <- 0, 4)
    4[02] (bibf)[1, 0, 2, 0.0]
    ^(4 <- 0, 4)
    4[01] (bii)[1, 0, 10000]
    ^(4 <- 0, 4)
    3[00] (bBBi)[2, 1, 0, 0]
    ^(4 <- 4, 4)
    3[00] (bBBi)[2, 1, 1, 0]
    0[00] (bBb)[-1, 1, 1]
    0[00] (bBb)[-1, 1, 2]
    0[00] (bBb)[0, 1, -1]
 2003[02] (iB)[0, 1]
    ^(0 <- 4, 4)
 2004[44] (iB)[0, 9]
    ^(0 <- 0, 4)
 2000[05] (B)[0]
 2004[05] (iB)[0, 1]
    ^(0 <- 0, 4)

11310503, 0
    3[00] (bBBi)[1, 0, 0, 1176]
    3[00] (bBBi)[1, 0, 0, 1179]
    3[00] (bBBi)[1, 1, 0, 1174]
    4[02] (bibf)[1, 0, 5, 0.8999999761581421]
    ^(4 <- 0, 4)
    4[02] (bibf)[1, 0, 2, 0.0]
    ^(4 <- 0, 4)
    4[01] (bii)[1, 0, 10000]
    ^(4 <- 0, 4)
    3[00] (bBBi)[2, 1, 0, 0]
    ^(4 <- 4, 4)
    3[00] (bBBi)[2, 1, 1, 0]
    0[00] (bBb)[-1, 1, 1]
    0[00] (bBb)[-1, 1, 2]
    0[00] (bBb)[0, 1, -1]
 2003[02] (iB)[0, 1]
    ^(0 <- 4, 4)
 2004[44] (iB)[0, 9]
    ^(0 <- 0, 4)
 2004[19] (ii)[0, 1]
    ^(0 <- 0, 4)
 2000[05] (B)[0]
 2004[05] (iB)[0, 1]
    ^(0 <- 0, 4)

11310530, 0
    3[01] (bBBii)[7, 1, 0, 1176, 1181]
    3[00] (bBBi)[7, 1, 0, 1171]
    3[01] (bBBii)[7, 1, 0, 1195, 1198]
    3[00] (bBBi)[7, 1, 0, 1202]
    3[01] (bBBii)[7, 1, 0, 1213, 1215]
    3[00] (bBBi)[7, 1, 0, 1211]
    3[01] (bBBii)[7, 1, 0, 1223, 1225]
    3[00] (bBBi)[7, 1, 0, 1221]
    0[00] (bBb)[1, 1, 7]
    3[00] (bBBi)[1, 1, 0, 11020600]
    3[00] (bBBi)[1, 0, 1, 0]
    0[00] (bBb)[2, 1, 7]
    3[00] (bBBi)[2, 1, 0, 11300005]
    0[00] (bBb)[3, 1, 7]
    3[00] (bBBi)[3, 1, 1, 0]
    0[00] (bBb)[-1, 1, 1]
    0[00] (bBb)[-1, 1, 2]
    0[00] (bBb)[-1, 1, 3]
    0[00] (bBb)[0, 1, -1]
 2003[32] (iI)[600, 4]
 2003[02] (iB)[11020693, 1]
 2003[22] (iiB)[1170, 1189, 0]
 2003[02] (iB)[1173, 1]
 2004[05] (iB)[6071, 1]
 2003[22] (iiB)[1190, 1209, 0]
 2003[02] (iB)[1192, 1]
 2003[22] (iiB)[1210, 1219, 0]
 2003[02] (iB)[1216, 1]
 2004[05] (iB)[6091, 1]
 2003[22] (iiB)[1220, 1229, 0]
 2003[02] (iB)[1226, 1]
 2004[05] (iB)[6101, 1]

11310531, 0
    3[00] (bBBi)[1, 0, 0, 1176]
    3[00] (bBBi)[1, 0, 0, 1179]
    3[00] (bBBi)[1, 1, 0, 1173]
    3[00] (bBBi)[1, 1, 0, 1214]
    3[00] (bBBi)[1, 1, 0, 1224]
    4[00] (biB)[1, 0, 0]
    ^(4 <- 0, 4)
    0[00] (bBb)[0, 1, 1]
 2003[22] (iiB)[0, 0, 0]
    ^(0 <- 4, 4)
    ^(4 <- 8, 4)
 2003[02] (iB)[0, 1]
    ^(0 <- 12, 4)

11310532, 0
    3[06] (bb)[1, 0]
    3[00] (bBBi)[1, 0, 0, 1176]
    3[00] (bBBi)[1, 0, 0, 1179]
    3[00] (bBBi)[1, 1, 0, 1174]
    3[00] (bBBi)[1, 1, 0, 11310590]
    4[07] (biB)[1, 0, 0]
    ^(4 <- 0, 4)
    0[00] (bBb)[0, 1, 1]
 2003[22] (iiB)[0, 0, 0]
    ^(0 <- 4, 4)
    ^(4 <- 8, 4)
 2003[02] (iB)[0, 1]
    ^(0 <- 12, 4)
 2004[05] (iB)[0, 0]
    ^(0 <- 0, 4)
 2003[32] (iI)[600, 4]

11310533, 0
    3[00] (bBBi)[1, 0, 0, 1179]
    3[00] (bBBi)[-7, 1, 0, 1173]
    3[00] (bBBi)[-7, 1, 0, 1176]
    0[00] (bBb)[1, 1, -7]
    4[02] (bibf)[1, 0, 5, 0.0]
    ^(4 <- 0, 4)
    3[00] (bBBi)[1, 0, 1, 0]
    3[00] (bBBi)[2, 1, 0, 0]
    ^(4 <- 12, 4)
    3[00] (bBBi)[2, 1, 1, 0]
    0[00] (bBb)[-1, 1, 1]
    0[00] (bBb)[-1, 1, 2]
    0[00] (bBb)[0, 1, -1]
 2003[22] (iiB)[0, 0, 0]
    ^(0 <- 4, 4)
    ^(4 <- 8, 4)
 2003[02] (iB)[0, 1]
    ^(0 <- 12, 4)
 1000[08] (BBb)[0, 0, 2]
 2004[37] (i)[0]
    ^(0 <- 0, 4)

11310534, 0
    3[00] (bBBi)[1, 0, 0, 1176]
    3[00] (bBBi)[-7, 1, 0, 1174]
    3[00] (bBBi)[-7, 1, 0, 1179]
    0[00] (bBb)[1, 1, -7]
    4[02] (bibf)[1, 0, 5, 0.0]
    ^(4 <- 0, 4)
    3[00] (bBBi)[1, 0, 1, 0]
    3[00] (bBBi)[2, 1, 0, 0]
    ^(4 <- 12, 4)
    3[00] (bBBi)[2, 1, 1, 0]
    0[00] (bBb)[-1, 1, 1]
    0[00] (bBb)[-1, 1, 2]
    0[00] (bBb)[0, 1, -1]
 2003[22] (iiB)[0, 0, 0]
    ^(0 <- 4, 4)
    ^(4 <- 8, 4)
 2003[02] (iB)[0, 1]
    ^(0 <- 12, 4)
 1000[08] (BBb)[0, 0, 2]
 2004[37] (i)[0]
    ^(0 <- 0, 4)

11310540, 0
    3[00] (bBBi)[1, 0, 0, 1625]
    3[00] (bBBi)[1, 0, 0, 1627]
    3[00] (bBBi)[1, 0, 0, 1628]
    3[01] (bBBii)[2, 2, 0, 1620, 1621]
    3[00] (bBBi)[2, 1, 0, 6]
    3[00] (bBBi)[3, 1, 0, 1173]
    0[00] (bBb)[-1, 1, 2]
    0[00] (bBb)[-1, 1, 3]
    0[00] (bBb)[1, 1, -1]
    0[00] (bBb)[0, 1, 1]
 2003[22] (iiB)[0, 0, 0]
    ^(0 <- 4, 4)
    ^(4 <- 8, 4)
 2003[02] (iB)[0, 1]
    ^(0 <- 12, 4)
 2004[05] (iB)[0, 1]
    ^(0 <- 0, 4)

11310541, 0
    3[00] (bBBi)[1, 0, 0, 1625]
    3[00] (bBBi)[1, 0, 0, 1627]
    3[00] (bBBi)[1, 0, 0, 1628]
    3[00] (bBBi)[1, 1, 0, 1623]
    3[00] (bBBi)[1, 1, 0, 11310002]
    4[00] (biB)[1, 0, 0]
    ^(4 <- 0, 4)
    0[00] (bBb)[0, 1, 1]
 2003[22] (iiB)[0, 0, 0]
    ^(0 <- 4, 4)
    ^(4 <- 8, 4)
 2003[02] (iB)[0, 1]
    ^(0 <- 12, 4)

11310542, 0
    3[00] (bBBi)[1, 1, 0, 1623]
    4[02] (bibf)[1, 0, 5, 0.0]
    ^(4 <- 0, 4)
    3[00] (bBBi)[2, 1, 0, 1624]
    4[02] (bibf)[2, 0, 5, 0.0]
    ^(4 <- 0, 4)
    3[00] (bBBi)[3, 1, 0, 0]
    ^(4 <- 4, 4)
    3[00] (bBBi)[3, 1, 1, 0]
    0[00] (bBb)[-1, 1, 1]
    0[00] (bBb)[-1, 1, 2]
    0[00] (bBb)[-1, 1, 3]
    0[00] (bBb)[0, 1, -1]
 2003[02] (iB)[1625, 0]
 2003[02] (iB)[1627, 0]
 2003[02] (iB)[0, 1]
    ^(0 <- 4, 4)
 1000[08] (BBb)[0, 0, 3]
 2004[37] (i)[0]
    ^(0 <- 0, 4)

11310543, 0
    3[00] (bBBi)[1, 0, 0, 1627]
    3[00] (bBBi)[1, 0, 0, 1628]
    3[00] (bBBi)[1, 1, 0, 1624]
    3[00] (bBBi)[1, 1, 0, 11310595]
    3[00] (bBBi)[1, 0, 1, 0]
    3[00] (bBBi)[2, 1, 0, 0]
    ^(4 <- 4, 4)
    3[00] (bBBi)[2, 1, 1, 0]
    0[00] (bBb)[-1, 1, 1]
    0[00] (bBb)[-1, 1, 2]
    0[00] (bBb)[0, 1, -1]
 2003[02] (iB)[0, 1]
    ^(0 <- 4, 4)
 2004[44] (iB)[0, 9]
    ^(0 <- 0, 4)
 2000[05] (B)[0]
 2004[05] (iB)[0, 1]
    ^(0 <- 0, 4)

11315030, 0
 2000[02] (B)[0]
 1003[06] (Bb)[0, 1]
 1003[02] (BBBi)[0, 1, 0, 11315031]
 1003[02] (BBBi)[0, 1, 0, 7]
    3[06] (bb)[1, 0]
    4[03] (bib)[1, 10000, 0]
    3[00] (bBBi)[1, 0, 0, 11310810]
 1003[01] (BBBi)[1, 1, 1, 0]
    3[02] (bBii)[1, 1, 10000, 1312001]
    0[00] (bBb)[0, 1, 1]
 2003[25] (iiiii)[1, 6551, 1312000, 11315031, 11315032]
 1001[00] (f)[20.0]
 1000[04] (B)[1]

11310810, 0
 1003[05] (Bb)[3, 0]
    3[00] (bBBi)[1, 1, 0, 11315031]
    3[00] (bBBi)[1, 0, 0, 11315032]
 1000[01] (BBb)[1, 1, 1]
 2004[05] (iB)[6551, 0]
 1003[02] (BBBi)[0, 1, 1, 0]
    4[00] (biB)[0, 6551, 1]
 2003[02] (iB)[11310810, 1]

11310002, 0
 1003[02] (BBBi)[0, 1, 1, 0]
    3[06] (bb)[1, 0]
    3[00] (bBBi)[1, 0, 0, 1625]
    3[00] (bBBi)[1, 0, 0, 1627]
    3[00] (bBBi)[1, 0, 0, 1628]
    3[00] (bBBi)[1, 1, 0, 1623]
    3[00] (bBBi)[1, 0, 0, 1638]
    3[02] (bBii)[1, 1, 10000, 1313400]
    3[06] (bb)[2, 0]
    3[00] (bBBi)[2, 0, 0, 1625]
    3[00] (bBBi)[2, 0, 0, 1627]
    3[00] (bBBi)[2, 0, 0, 1628]
    3[00] (bBBi)[2, 1, 0, 1623]
    3[00] (bBBi)[2, 1, 0, 1638]
    3[02] (bBii)[2, 1, 10000, 1313400]
    0[00] (bBb)[-1, 1, 1]
    0[00] (bBb)[-1, 1, 2]
    0[00] (bBb)[0, 1, -1]
 1003[05] (Bb)[7, 2]
 1000[07] (BBb)[2, 1, 2]
 2002[04] (iIiBBi)[130111, 0, 1312120, 13, 1, 10000]
 1000[03] (B)[1]
 2002[04] (iIiBBi)[130110, 0, 1312120, 13, 1, 10000]
 1001[01] (i)[1]
 2004[03] (iBii)[6321, 1, 1312121, -1]
 1000[04] (B)[0]
 1003[05] (Bb)[7, 1]
 1000[07] (BBb)[2, 1, 2]
 2002[04] (iIiBBi)[130111, 2, 1312120, 13, 1, 10000]
 1000[03] (B)[1]
 2002[04] (iIiBBi)[130110, 2, 1312120, 13, 1, 10000]
 1001[01] (i)[1]
 2004[03] (iBii)[6321, 1, 1312121, -1]
 1000[04] (B)[0]
 1000[07] (BBb)[2, 1, 2]
 2002[03] (iIi)[130111, 2, 10000]
 1000[03] (B)[1]
 2002[03] (iIi)[130110, 2, 10000]
 1001[01] (i)[1]
 2004[03] (iBii)[6321, 1, 1312121, -1]