0, 0
 1003[01] (BBBi)[1, 0, 0, 10]
 2009[03] (iiffi)[11410920, 1411950, 2.0, 180.0, 0]
 2009[03] (iiffi)[11410992, 1411960, 2.0, 180.0, 0]
 2009[03] (iiffi)[11410984, 1411961, 2.0, 180.0, 0]
 1003[01] (BBBi)[1, 0, 0, 11410900]
 2009[03] (iiffi)[11410976, 1411962, 2.0, 180.0, 0]
 2009[03] (iiffi)[11410968, 1411963, 2.0, 180.0, 0]
 2009[03] (iiffi)[11410960, 1411964, 2.0, 180.0, 0]
 1003[05] (Bb)[14, 1]
 2005[03] (iB)[1411994, 0]
 2006[01] (iB)[1411995, 0]
 2005[03] (iB)[1411996, 0]
 2006[01] (iB)[1411997, 0]
 2005[03] (iB)[1411998, 0]
 2006[01] (iB)[1411999, 0]
 2005[03] (iB)[1411988, 0]
 2006[01] (iB)[1411989, 0]
 2005[03] (iB)[1411986, 0]
 2006[01] (iB)[1411987, 0]
 2005[03] (iB)[1411984, 0]
 2006[01] (iB)[1411985, 0]
 2005[03] (iB)[1411982, 0]
 2006[01] (iB)[1411983, 0]
 1003[01] (BBBi)[3, 0, 0, 11410291]
 2005[03] (iB)[1411121, 0]
 2006[01] (iB)[1413400, 1]
 2006[01] (iB)[1413410, 1]
 1003[01] (BBBi)[3, 0, 0, 11410292]
 2005[03] (iB)[1411122, 0]
 2006[01] (iB)[1413401, 1]
 2006[01] (iB)[1413411, 1]
 2000[00] (iII)[0, 11410095, 0]
 2000[00] (iII)[0, 11415090, 0]
 2000[00] (iII)[0, 11415091, 0]
 2000[00] (iII)[0, 11415092, 0]
 2000[00] (iII)[0, 11410800, 0]
 2000[00] (iII)[0, 11410400, 0]
 2000[00] (iII)[0, 11410340, 0]
 2000[00] (iII)[0, 11410341, 0]
 2000[00] (iII)[0, 11410350, 0]
 2000[00] (iII)[0, 11410360, 0]
 2000[00] (iII)[0, 11415399, 0]
 2000[00] (iII)[0, 11410260, 0]
 2000[00] (iII)[0, 11410200, 0]
 2000[00] (iII|I)[0, 11410201, 1411210, 462000000]
 2000[00] (iII|I)[1, 11410201, 1411211, 462100000]
 2000[00] (iII|I)[2, 11410201, 1411212, 462200000]
 2000[00] (iII|I)[3, 11410201, 1411213, 462300000]
 2000[00] (iII|I)[4, 11410201, 1411214, 462400000]
 2000[00] (iII|I)[5, 11410201, 1411215, 462500000]
 2000[00] (iII|I)[6, 11410201, 1411216, 462600000]
 2000[00] (iII|I)[7, 11410201, 1411217, 462700000]
 2000[00] (iII|I)[8, 11410201, 1411218, 462800000]
 2000[00] (iII|I)[9, 11410201, 1411219, 462900000]
 2000[00] (iII|I)[10, 11410201, 1411220, 463000000]
 2000[00] (iII|I)[11, 11410201, 1411221, 463100000]
 2000[00] (iII|I)[12, 11410201, 1411222, 463200000]
 2000[00] (iII)[0, 11410250, 0]
 2010[03] (iB)[1413801, 0]
 1003[01] (BBBi)[4, 0, 0, 11410900]
 2000[00] (iII)[0, 11415372, 0]
 2005[03] (iB)[1411790, 0]
 2006[01] (iB)[1411791, 0]
 1000[03] (B)[10]
 2000[00] (iII)[0, 11415370, 0]
 2000[00] (iII)[0, 11415371, 0]
 2000[00] (iII)[0, 11415373, 0]
 2000[00] (iII)[0, 11415372, 0]
 2000[00] (iII)[0, 11415374, 0]
 2000[00] (iII)[0, 11415376, 0]
 2000[00] (iII)[0, 11415377, 0]
 2000[00] (iII)[0, 11415378, 0]
 2000[00] (iII)[0, 11415379, 0]
 2000[00] (iII)[0, 11410900, 0]
 2000[00] (iII)[0, 11415310, 11415376]
 2000[00] (iII)[1, 11415310, 11415310]
 2000[00] (iII)[2, 11415310, 11415311]
 2000[00] (iII)[3, 11415310, 11415312]
 2000[00] (iII)[4, 11415310, 11415313]
 2010[03] (iB)[1413803, 0]
 1003[01] (BBBi)[6, 0, 0, 11410410]
 2000[00] (iII)[0, 11415342, 0]
 2005[03] (iB)[1411410, 0]
 2006[01] (iB)[1411411, 0]
 2005[03] (iB)[1411412, 0]
 2006[01] (iB)[1411413, 0]
 1000[03] (B)[7]
 2000[00] (iII)[0, 11415340, 0]
 2000[00] (iII)[0, 11415341, 0]
 2000[00] (iII)[0, 11415343, 0]
 2000[00] (iII)[0, 11415342, 0]
 2000[00] (iII)[0, 11415344, 0]
 2000[00] (iII)[0, 11410410, 0]
 2000[00] (iII)[0, 11415345, 0]
 2010[03] (iB)[1413802, 0]
 1003[01] (BBBi)[6, 0, 0, 11410901]
 2000[00] (iII)[0, 11415382, 0]
 2005[03] (iB)[1411890, 0]
 2006[01] (iB)[1411891, 0]
 2005[03] (iB)[1411892, 0]
 2006[01] (iB)[1411893, 0]
 1000[03] (B)[7]
 2000[00] (iII)[0, 11415380, 0]
 2000[00] (iII)[0, 11415381, 0]
 2000[00] (iII)[0, 11415383, 0]
 2000[00] (iII)[0, 11415382, 0]
 2000[00] (iII)[0, 11415384, 0]
 2000[00] (iII)[0, 11410901, 0]
 2000[00] (iII)[0, 11415386, 0]
 2010[03] (iB)[1413800, 0]
 1003[01] (BBBi)[4, 0, 0, 10]
 2000[00] (iII)[0, 11415392, 0]
 2005[03] (iB)[1411990, 0]
 2006[01] (iB)[1411991, 0]
 1000[03] (B)[11]
 2000[00] (iII)[0, 11415390, 0]
 2000[00] (iII)[0, 11415391, 0]
 2000[00] (iII)[0, 11415393, 0]
 2000[00] (iII)[0, 11415392, 0]
 2000[00] (iII)[0, 11410001, 0]
 2000[00] (iII)[0, 11415394, 0]
 2000[00] (iII)[0, 11415395, 0]
 2000[00] (iII)[0, 11415396, 0]
 2000[00] (iII)[0, 11415397, 0]
 2000[00] (iII)[0, 11415398, 0]
 2000[00] (iII)[0, 11415300, 0]
 2000[00] (iII)[0, 800, 1410100]
 2000[00] (iII)[4, 11410100, 1410307]
 2000[00] (iII)[6, 11410100, 6620]
 2000[00] (iII)[7, 11410100, 1410110]
 2000[00] (iII)[8, 11410100, 1410150]
 2000[00] (iII)[9, 11410100, 1410350]
 2000[00] (iII)[10, 11410100, 1410351]
 2000[00] (iII)[11, 11410100, 1410352]
 2000[00] (iII)[12, 11410100, 1410353]
 2000[00] (iII)[13, 11410100, 1410354]
 2000[00] (iII)[14, 11410100, 1410355]
 2000[00] (iII)[15, 11410100, 1410356]
 2000[00] (iII)[16, 11410100, 1410357]
 2000[00] (iII)[17, 11410100, 1410358]
 2000[00] (iII)[18, 11410100, 1410359]
 2000[00] (iII)[19, 11410100, 1410360]
 2000[00] (iII)[20, 11410100, 1410361]
 2000[00] (iII)[21, 11410100, 1410362]
 2000[00] (iII)[22, 11410100, 1410363]
 2000[00] (iII)[23, 11410100, 1410364]
 2000[00] (iII)[24, 11410100, 1410365]
 2000[00] (iII)[25, 11410100, 1410366]
 2000[00] (iII)[26, 11410100, 1410367]
 2000[00] (iII)[27, 11410100, 1410368]
 2000[00] (iII)[28, 11410100, 1410369]
 2000[00] (iII)[29, 11410100, 1410370]
 2000[00] (iII)[30, 11410100, 1410371]
 2000[00] (iII)[31, 11410100, 1410372]
 2000[00] (iII)[32, 11410100, 1410373]
 2000[00] (iII)[33, 11410100, 1410374]
 2000[00] (iII)[34, 11410100, 1410375]
 2000[00] (iII)[35, 11410100, 1410376]
 2000[00] (iII)[36, 11410100, 1410377]
 2000[00] (iII)[37, 11410100, 1410378]
 2000[00] (iII)[38, 11410100, 1410450]
 2000[00] (iII)[39, 11410100, 1410451]
 2000[00] (iII)[40, 11410100, 1410452]
 2000[00] (iII)[41, 11410100, 1410453]
 2000[00] (iII)[42, 11410100, 1410454]
 2000[00] (iII)[43, 11410100, 1410455]
 2000[00] (iII)[44, 11410100, 1410456]
 2000[00] (iII|II)[0, 11415210, 11415250, 11415263, 11]
 2000[00] (iII|IIIII)[0, 11415250, 1410200, 1410220, 1410221, 1410222, 1410223, 1410224]
 2000[00] (iII|IIIII)[1, 11415250, 1410201, 1410225, 1410226, 1410227, 1410228, 1410229]
 2000[00] (iII|IIIII)[2, 11415250, 1410202, 1410230, 1410231, 1410232, 1410233, 1410234]
 2000[00] (iII|IIIII)[3, 11415250, 1410203, 1410235, 1410236, 1410237, 1410238, 1410239]
 2000[00] (iII|IIIII)[4, 11415250, 1410204, 1410240, 1410241, 1410242, 1410243, 1410244]
 2000[00] (iII|IIIII)[5, 11415250, 1410205, 1410245, 1410246, 1410247, 1410248, 1410249]
 2000[00] (iII|IIIII)[6, 11415250, 1410206, 1410250, 1410251, 1410252, 1410253, 1410254]
 2000[00] (iII|IIIII)[7, 11415250, 1410207, 1410255, 1410256, 1410257, 1410258, 1410259]
 2000[00] (iII|IIIII)[8, 11415250, 1410208, 1410260, 1410261, 1410262, 1410263, 1410264]
 2000[00] (iII|IIIII)[9, 11415250, 1410209, 1410265, 1410266, 1410267, 1410268, 1410269]
 2000[00] (iII|IIIII)[10, 11415250, 1410210, 1410270, 1410271, 1410272, 1410273, 1410274]
 2000[00] (iII|IIIII)[11, 11415250, 1410211, 1410275, 1410276, 1410277, 1410278, 1410279]
 2000[00] (iII|IIIII)[12, 11415250, 1410212, 1410280, 1410281, 1410282, 1410283, 1410284]
 2000[00] (iII|IIIII)[13, 11415250, 1410213, 1410285, 1410286, 1410287, 1410288, 1410289]
 2000[00] (iII|IIII)[0, 11415100, 1410301, 1410301, 9060, 1097859072, 0]
 2000[00] (iII|IIII)[1, 11415100, 1410302, 1410302, 9060, 1092616192, 0]
 2000[00] (iII|IIII)[2, 11415100, 1410307, 1410307, 9060, 1097859072, 0]
 2000[00] (iII|IIII)[0, 11415120, 10000, 1410303, 9060, 1412302, 1050253722]
 2000[00] (iII|IIII)[1, 11415120, 10000, 1410304, 9060, 1412302, 1036831949]
 2000[00] (iII|IIII)[2, 11415120, 10000, 1410305, 9060, 1412302, 0]
 2000[00] (iII|IIII)[3, 11415120, 10000, 1410306, 9060, 1412302, 1045220557]
 2000[00] (iII|I)[1, 11410150, 1410301, 33900000]
 2000[00] (iII|I)[2, 11410150, 1410302, 33900000]
 2000[00] (iII|I)[3, 11410150, 1410303, 33900000]
 2000[00] (iII|I)[4, 11410150, 1410304, 33900000]
 2000[00] (iII|I)[5, 11410150, 1410305, 33900000]
 2000[00] (iII|I)[6, 11410150, 1410306, 33900000]
 2000[00] (iII|I)[0, 11410600, 1411650, 11410600]
 2000[00] (iII|I)[1, 11410600, 1411651, 11410601]
 2000[00] (iII|I)[2, 11410600, 1411652, 11410602]
 2000[00] (iII|I)[3, 11410600, 1411653, 11410603]

50, 0
 2000[00] (iII)[0, 11410100, 1410410]
 2000[00] (iII)[1, 11410100, 1410411]
 2000[00] (iII)[2, 11410100, 1410412]
 2000[00] (iII)[3, 11410100, 1410413]
 2004[45] (ii)[6620, 8250]
 2004[45] (ii)[6542, 8310]
 2004[45] (ii)[6560, 8956]
 2004[45] (ii)[6561, 8956]
 2000[00] (iII)[0, 11415030, 0]
 2000[00] (iII)[0, 11415032, 0]
 2000[00] (iII)[0, 11415035, 0]
 2000[00] (iII)[0, 11415038, 0]
 2000[00] (iII|II)[0, 11410810, 6560, 11415036, 11415037]
 2000[00] (iII|II)[1, 11410810, 6561, 11415039, 11415040]
 2004[45] (ii)[6002, 8310]
 2004[45] (ii)[6004, 8310]
 1003[01] (BBBi)[3, 1, 0, 1009]
 1003[01] (BBBi)[2, 1, 0, 1004]
 1003[01] (BBBi)[1, 1, 0, 1003]
 2004[05] (iB)[6002, 0]
 1003[01] (BBBi)[1, 1, 0, 11410580]
 1000[03] (B)[1]
 2004[40] (iBiii)[6002, 1, 1412500, -1, 1413000]
 1003[01] (BBBi)[1, 1, 0, 1002]
 2004[05] (iB)[6004, 0]
 2004[44] (iB)[6004, 9]
 2000[00] (iII|I)[0, 11410510, 6002, 1004]
 2000[00] (iII|III)[0, 11410520, 6002, 1000, 1029, 1005]
 2000[00] (iII|III)[0, 11410530, 6002, 1000, 1029, 1009]
 2000[00] (iII|III)[0, 11410531, 6002, 1000, 1029, 1002]
 2000[00] (iII|III)[0, 11410532, 6002, 1000, 1029, 1003]
 2000[00] (iII|III)[0, 11410533, 6006, 1000, 1029, 1012]
 2000[00] (iII|III)[0, 11410534, 6004, 1000, 1029, 1011]
 2004[45] (ii)[6286, 8446]
 1003[03] (BBBii)[1, 2, 0, 1503, 1507]
 2004[05] (iB)[6286, 0]
 1003[01] (BBBi)[3, 1, 0, 1504]
 1003[01] (BBBi)[2, 1, 0, 1506]
 1003[01] (BBBi)[1, 1, 0, 1507]
 1000[03] (B)[2]
 2004[08] (ii)[6286, 90111]
 2004[41] (iBii)[6286, 1, 1412360, -1]
 1003[01] (BBBi)[1, 0, 0, 11410593]
 2004[09] (iiiiii)[6286, 7855, -1, -1, -1, -1]
 2000[00] (iII|I)[0, 11410501, 6286, 1512]
 2000[00] (iII|III)[0, 11410546, 6286, 1490, 1514, 1513]
 2000[00] (iII|III)[0, 11410540, 6286, 1490, 1514, 1503]
 2000[00] (iII|III)[0, 11410541, 6286, 1490, 1514, 1504]
 2000[00] (iII|III)[0, 11410542, 6286, 1490, 1514, 1505]
 2000[00] (iII|III)[0, 11410543, 6286, 1490, 1514, 1506]
 2000[00] (iII|III)[0, 11410544, 6286, 1490, 1514, 1507]
 2000[00] (iII|III)[0, 11410545, 6286, 1490, 1514, 1513]
 2000[00] (iII)[0, 11410549, 6286]
 2000[00] (iII|III)[0, 11410550, 6286, 1490, 1514, 1514]
 2000[00] (iII)[0, 11410547, 6286]
 2000[00] (iII)[0, 11410548, 6286]

11410090, 0
 1003[01] (BBBi)[3, 0, 2, 0]
 2005[03] (iB)[0, 0]
    ^(0 <- 0, 4)
 2006[01] (iB)[0, 0]
    ^(0 <- 4, 4)
 1000[04] (B)[0]
    3[18] (biifhfiBii)[1, 1, 0, 0.0, 0, 0.0, 10010403, 48, 0, 0]
    ^(36 <- 0, 4)
    ^(8 <- 8, 4)
    3[18] (biifhfiBii)[2, 1, 0, 0.0, 0, 0.0, 10010407, 48, 0, 0]
    ^(36 <- 0, 4)
    ^(8 <- 12, 4)
    0[00] (bBb)[-1, 1, 1]
    0[00] (bBb)[-1, 1, 2]
    0[00] (bBb)[0, 1, -1]
 1000[07] (BBb)[2, 1, 2]
 2004[41] (iBii)[10000, 1, 0, -1]
    ^(8 <- 8, 4)
 1000[03] (B)[1]
 2004[41] (iBii)[10000, 1, 0, -1]
    ^(8 <- 12, 4)
 2003[18] (iiBBB)[10000, 7410, 0, 0, 0]
 2005[03] (iB)[0, 0]
    ^(0 <- 0, 4)
 2006[01] (iB)[0, 1]
    ^(0 <- 4, 4)

11415090, 1
 1003[02] (BBBi)[0, 1, 1, 0]
 2004[05] (iB)[1410900, 0]
 2004[05] (iB)[1410901, 0]
 2004[05] (iB)[1410902, 0]
 2004[05] (iB)[1410903, 0]
 2004[05] (iB)[1410904, 0]
 2004[05] (iB)[1410905, 0]
 2004[05] (iB)[1410906, 0]
 2004[05] (iB)[1410907, 0]
    3[00] (bBBi)[0, 1, 0, 11410050]
 1003[02] (BBBi)[0, 1, 0, 735]
 2003[02] (iB)[5000, 1]
 2004[05] (iB)[1410900, 1]
 2004[05] (iB)[1410901, 1]
 2004[05] (iB)[1410902, 1]
 2004[05] (iB)[1410903, 1]
 2004[05] (iB)[1410904, 1]
 2004[05] (iB)[1410905, 1]
 2004[05] (iB)[1410906, 1]
 2004[05] (iB)[1410907, 1]

11415091, 1
    3[00] (bBBi)[-1, 1, 0, 11415095]
    3[00] (bBBi)[-1, 1, 0, 735]
    0[00] (bBb)[0, 1, -1]
 1003[01] (BBBi)[1, 0, 0, 735]
 2003[02] (iB)[735, 0]
 2003[02] (iB)[11410050, 0]
 2003[02] (iB)[11415095, 0]
 2003[02] (iB)[5001, 1]
 2004[04] (iB)[1410900, 0]
 2004[04] (iB)[1410901, 0]
 2004[04] (iB)[1410902, 0]
 2004[04] (iB)[1410903, 0]
 2004[04] (iB)[1410904, 0]
 2004[04] (iB)[1410905, 0]
 2004[04] (iB)[1410906, 0]
 2004[04] (iB)[1410907, 0]

11415092, 1
 1003[06] (Bb)[0, 1]
    3[11] (bBBB)[1, 1, 2, 50]
    3[08] (bBBB)[1, 1, 14, 1]
    0[00] (bBb)[-1, 1, 1]
    3[00] (bBBi)[-1, 1, 0, 11410050]
    0[00] (bBb)[0, 1, -1]
 1001[01] (i)[1]
    3[11] (bBBB)[2, 1, 2, 50]
    3[08] (bBBB)[2, 1, 14, 1]
    0[00] (bBb)[-2, 1, 2]
    3[00] (bBBi)[-2, 1, 0, 11410050]
 1000[02] (BBb)[1, 0, -2]
 1001[01] (i)[1]
    3[11] (bBBB)[3, 1, 2, 50]
    3[08] (bBBB)[3, 1, 14, 1]
    0[00] (bBb)[-3, 1, 3]
    3[00] (bBBi)[-3, 1, 0, 11410050]
 1000[02] (BBb)[1, 0, -3]
 1001[01] (i)[1]
    3[11] (bBBB)[4, 1, 2, 50]
    3[08] (bBBB)[4, 1, 14, 1]
    0[00] (bBb)[-4, 1, 4]
    3[00] (bBBi)[-4, 1, 0, 11410050]
 1000[02] (BBb)[1, 0, -4]
 1001[01] (i)[1]
    3[11] (bBBB)[5, 1, 2, 50]
    3[08] (bBBB)[5, 1, 14, 1]
    0[00] (bBb)[-5, 1, 5]
    3[00] (bBBi)[-5, 1, 0, 11410050]
 1000[02] (BBb)[1, 0, -5]
 1001[01] (i)[1]
    3[11] (bBBB)[6, 1, 2, 50]
    3[08] (bBBB)[6, 1, 14, 1]
    0[00] (bBb)[-6, 1, 6]
    3[00] (bBBi)[-6, 1, 0, 11410050]
 1000[02] (BBb)[1, 0, -6]
 2003[02] (iB)[11410050, 1]
 1001[00] (f)[600.0]
    3[11] (bBBB)[7, 1, 5, 50]
    3[08] (bBBB)[7, 1, 14, 1]
 1000[02] (BBb)[1, 0, 7]
 2003[02] (iB)[11410050, 0]
 2003[02] (iB)[11415095, 1]

11410095, 0
 1003[01] (BBBi)[5, 0, 0, 11800100]
 2003[02] (iB)[11410096, 1]
 2005[03] (iB)[1411710, 0]
 2006[01] (iB)[1411711, 0]
 2003[02] (iB)[402, 0]
 1000[04] (B)[0]
 1003[01] (BBBi)[3, 0, 0, 11410096]
 2005[03] (iB)[1411710, 0]
 2006[01] (iB)[1411711, 0]
 1000[04] (B)[0]
 1003[06] (Bb)[0, 1]
    3[18] (biifhfiBii)[0, 1, 1412660, 0.0, 0, 0.0, 10010410, 48, 0, 1411710]
 2007[03] (iB)[10010630, 1]
 1000[04] (B)[1]

11415390, 0
    3[00] (bBBi)[1, 0, 0, 10]
    3[19] (biifhfiBii)[1, 1, 1412998, 0.0, -1, 0.0, 10010403, 48, 0, 1411990]
    0[00] (bBb)[0, 1, 1]
 2004[14] (ii)[10000, 1412997]
 2003[18] (iiBBB)[10000, 7410, 0, 0, 0]
 1000[04] (B)[1]

11415391, 0
 2000[02] (B)[0]
    3[00] (bBBi)[1, 0, 0, 10]
    3[00] (bBBi)[1, 1, 0, 11415393]
    4[03] (bib)[1, 10000, 1]
    3[18] (biifhfiBii)[1, 1, 1412998, 0.0, -1, 0.0, 10010403, 255, 0, 1411990]
    0[00] (bBb)[0, 1, 1]
 2004[14] (ii)[10000, 1412997]
 2003[18] (iiBBB)[10000, 7410, 0, 0, 0]
 1000[04] (B)[1]

11415393, 0
 1003[01] (BBBi)[3, 1, 1, 0]
    3[00] (bBBi)[1, 0, 0, 10]
    3[02] (bBii)[1, 1, 10000, 1412996]
    0[00] (bBb)[0, 1, 1]
 1003[05] (Bb)[1, 1]
 2009[06] (B)[0]
 2009[04] (i)[1410800]

11415392, 1
 1003[01] (BBBi)[7, 0, 0, 10]
 2004[05] (iB)[1410800, 0]
 2004[05] (iB)[1410801, 0]
 2004[05] (iB)[1410802, 0]
 2004[04] (iB)[1410800, 0]
 2004[04] (iB)[1410801, 0]
 2004[04] (iB)[1410802, 0]
 1000[04] (B)[0]
 1003[03] (BBBii)[1, 2, 0, 11410291, 11410292]
 2004[05] (iB)[1410800, 0]
 1003[03] (BBBii)[1, 1, 0, 11410291, 11410292]
 2004[09] (iiiiii)[1410801, -1, -1, -1, -1, -1]
 2004[15] (iB)[1410800, 1]
 2004[15] (iB)[1410801, 1]
 2004[30] (iB)[1410800, 0]
 2004[30] (iB)[1410801, 0]
 2004[01] (iB)[1410801, 0]
 2008[03] (BBH)[14, 1, 1]
    3[06] (bb)[1, 0]
    3[02] (bBii)[1, 1, 10000, 1412996]
    0[00] (bBb)[0, 1, 1]
 1003[03] (BBBii)[2, 2, 0, 11410291, 11410292]
 2004[09] (iiiiii)[1410801, -1, -1, -1, -1, -1]
 2003[18] (iiBBB)[1410801, 9060, 0, 0, 0]
 2004[01] (iB)[1410801, 1]
 2003[11] (bihh)[1, 1410802, 0, 5400]

11410001, 0
 2005[03] (iB)[1411950, 0]
    4[00] (biB)[0, 1410802, 1]
 2003[02] (iB)[10, 1]
 2003[12] (i)[1410800]
 1003[05] (Bb)[1, 1]
 2003[28] (i)[36]
 2008[03] (BBH)[14, 1, 0]
 2005[03] (iB)[1411990, 0]
 2006[01] (iB)[1411991, 1]
 2000[02] (B)[0]
 2006[03] (iiii)[0, 1411950, -1, 90014]
 1001[00] (f)[2.0]
 2005[03] (iB)[1411950, 1]
 2009[03] (iiffi)[11410920, 1411950, 2.0, 180.0, 0]

11415394, 0
 2000[02] (B)[0]
    3[00] (bBBi)[1, 0, 0, 10]
    3[00] (bBBi)[1, 1, 0, 11415392]
 1003[05] (Bb)[1, 0]
    3[00] (bBBi)[1, 1, 0, 11415391]
    3[02] (bBii)[1, 1, 10000, 1412990]
    0[00] (bBb)[0, 1, 1]
 2010[03] (iB)[1413800, 1]

11415395, 0
 2000[02] (B)[0]
    3[00] (bBBi)[1, 1, 0, 10]
    3[00] (bBBi)[1, 1, 0, 11415394]
    0[00] (bBb)[0, 1, 1]
 2010[03] (iB)[1413800, 0]

11415396, 1
 1003[03] (BBBii)[15, 2, 0, 11410291, 11410292]
    3[00] (bBBi)[-1, 1, 0, 11410291]
    3[00] (bBBi)[-1, 1, 0, 11410292]
    0[00] (bBb)[0, 1, -1]
 1003[01] (BBBi)[6, 1, 0, 11410292]
 2003[02] (iB)[11410005, 1]
 1003[05] (Bb)[2, 2]
 2002[03] (iIi)[140116, 0, 10000]
 1000[03] (B)[1]
 2002[03] (iIi)[140116, 2, 10000]
 1000[03] (B)[4]
 1003[05] (Bb)[2, 2]
 2002[03] (iIi)[140115, 0, 10000]
 1000[03] (B)[1]
 2002[03] (iIi)[140115, 2, 10000]
 1001[01] (i)[1]
 2004[05] (iB)[1410800, 1]
    3[00] (bBBi)[1, 1, 0, 11410291]
    3[00] (bBBi)[1, 1, 0, 11410292]
    0[00] (bBb)[0, 1, 1]
 2004[08] (ii)[1410800, 5130]
 1003[01] (BBBi)[12, 1, 0, 11410000]
 1003[01] (BBBi)[5, 0, 0, 11410005]
 1003[05] (Bb)[2, 2]
 2002[03] (iIi)[140117, 0, 10000]
 1000[03] (B)[1]
 2002[03] (iIi)[140117, 2, 10000]
 1000[03] (B)[4]
 1003[05] (Bb)[2, 2]
 2002[03] (iIi)[140118, 0, 10000]
 1000[03] (B)[1]
 2002[03] (iIi)[140118, 2, 10000]
 2004[09] (iiiiii)[1410800, 10000, -1, -1, -1, -1]
 1001[01] (i)[1]
 2003[02] (iB)[11410000, 1]
 2004[09] (iiiiii)[1410800, -1, -1, -1, -1, -1]
 1001[01] (i)[1]
 2004[43] (iB)[1410800, 1]

11415397, 1
 2004[15] (iB)[1410802, 1]
    3[00] (bBBi)[1, 1, 0, 11410291]
    3[00] (bBBi)[1, 1, 0, 11410292]
    0[00] (bBb)[0, 1, 1]
 2004[15] (iB)[1410802, 0]
    4[02] (bibf)[0, 1410802, 5, 0.0]
 2004[15] (iB)[1410800, 0]
 2004[15] (iB)[1410801, 0]
 2004[04] (iB)[1410800, 1]
 2004[04] (iB)[1410801, 0]

11415398, 1
    3[00] (bBBi)[-1, 1, 0, 11410291]
    3[00] (bBBi)[-1, 1, 0, 11410292]
    0[00] (bBb)[0, 1, -1]
    4[07] (biB)[0, 1410800, 1]
 2004[17] (iiB)[1410800, 2, 0]
 2004[20] (i)[1410800]
 2004[17] (iiB)[1410801, 2, 0]
 2004[20] (i)[1410801]
    3[00] (bBBi)[1, 1, 0, 11410291]
    3[00] (bBBi)[1, 1, 0, 11410292]
 1003[01] (BBBi)[1, 1, 0, 11410000]
    3[00] (bBBi)[1, 1, 0, 11415396]
    0[00] (bBb)[0, 1, 1]
    4[07] (biB)[0, 1410800, 1]
 2004[17] (iiB)[1410800, 3, 0]
 2004[20] (i)[1410800]
 2004[17] (iiB)[1410801, 3, 0]
 2004[20] (i)[1410801]

11415399, 0
 2000[02] (B)[0]
    3[02] (bBii)[0, 1, 10000, 1412110]
 2004[15] (iB)[10000, 1]
    3[02] (bBii)[0, 0, 10000, 1412110]
 1001[00] (f)[3.0]
 2004[15] (iB)[10000, 0]

11415300, 0
 1003[02] (BBBi)[0, 1, 0, 10]
 1003[01] (BBBi)[2, 1, 1, 0]
 2003[02] (iB)[11415300, 1]
 2005[13] (iB)[1411120, 1]
    3[00] (bBBi)[1, 0, 0, 11410291]
    5[00] (bBi)[1, 1, 1411121]
    3[00] (bBBi)[2, 0, 0, 11410292]
    5[00] (bBi)[2, 1, 1411122]
    0[00] (bBb)[-1, 1, 1]
    0[00] (bBb)[-1, 1, 2]
    3[00] (bBBi)[-1, 1, 0, 10]
    0[00] (bBb)[0, 1, -1]
 1003[02] (BBBi)[0, 1, 0, 10]
 1000[07] (BBb)[4, 0, 1]
 2003[02] (iB)[11410291, 1]
 2006[01] (iB)[1413400, 1]
 2006[01] (iB)[1413410, 1]
 1000[04] (B)[1]
 2003[02] (iB)[11410292, 1]
 2006[01] (iB)[1413401, 1]
 2006[01] (iB)[1413411, 1]
 1000[04] (B)[1]

11410200, 0
 1003[01] (BBBi)[6, 0, 1, 0]
 2005[03] (iB)[1411200, 0]
 2005[03] (iB)[1411201, 0]
 2005[03] (iB)[1411202, 0]
 2005[03] (iB)[1411203, 0]
 2005[03] (iB)[1411204, 0]
 1000[04] (B)[0]
 2005[02] (i)[1411200]
 2005[02] (i)[1411201]
 2005[02] (i)[1411202]
 2005[02] (i)[1411203]
 2005[02] (i)[1411204]
 2005[13] (iB)[1411200, 1]
 2005[13] (iB)[1411201, 1]
 2005[13] (iB)[1411202, 1]
 2005[13] (iB)[1411203, 1]
 2005[13] (iB)[1411204, 1]
    3[00] (bBBi)[1, 1, 0, 11410291]
    3[00] (bBBi)[1, 1, 0, 11410292]
    3[02] (bBii)[1, 1, 10000, 1412100]
    0[00] (bBb)[0, 1, 1]
 2003[02] (iB)[11410200, 1]
 2005[13] (iB)[1411200, 0]
 2005[13] (iB)[1411201, 0]
 2005[13] (iB)[1411202, 0]
 2005[13] (iB)[1411203, 0]
 2005[13] (iB)[1411204, 0]
 2006[03] (iiii)[0, 1411202, -1, 140009]
 2005[01] (ib)[1411200, 1]
 2010[02] (iii)[1411200, 3, 463300000]
 1001[01] (i)[4]
 2005[01] (ib)[1411201, 1]
 2010[02] (iii)[1411201, 3, 463400000]
 1001[01] (i)[3]
 2005[01] (ib)[1411202, 1]
 2010[02] (iii)[1411202, 3, 463500000]
 1001[01] (i)[2]
 2005[01] (ib)[1411203, 1]
 2010[02] (iii)[1411203, 3, 463600000]
 1001[01] (i)[1]
 2005[01] (ib)[1411204, 1]
 2010[02] (iii)[1411204, 3, 463700000]
 2000[02] (B)[0]
 1001[00] (f)[10.0]
 2005[03] (iB)[1411200, 0]
 2005[03] (iB)[1411203, 0]
 2005[03] (iB)[1411204, 0]

11410201, 0
 1003[01] (BBBi)[2, 0, 2, 0]
 2005[03] (iB)[0, 0]
    ^(0 <- 0, 4)
 1000[04] (B)[0]
 2005[02] (i)[0]
    ^(0 <- 0, 4)
 2005[13] (iB)[0, 1]
    ^(0 <- 0, 4)
    3[00] (bBBi)[-1, 1, 0, 11410291]
    3[00] (bBBi)[-1, 1, 0, 11410292]
    0[00] (bBb)[0, 1, -1]
    3[03] (bBiif)[0, 1, 0, 10000, 8.0]
    ^(4 <- 0, 4)
 2005[13] (iB)[0, 0]
    ^(0 <- 0, 4)
 2005[01] (ib)[0, 1]
    ^(0 <- 0, 4)
 2006[03] (iiii)[0, 0, -1, 140008]
    ^(4 <- 0, 4)
 2010[02] (iii)[0, 3, 0]
    ^(0 <- 0, 4)
    ^(8 <- 4, 4)
 2000[02] (B)[0]
 1001[00] (f)[10.0]
 2005[03] (iB)[0, 0]
    ^(0 <- 0, 4)

11410250, 0
 1003[04] (BBBii)[0, 0, 0, 11410291, 11410292]
 2005[13] (iB)[1411250, 1]
 2005[13] (iB)[1411251, 1]
 2005[13] (iB)[1411252, 1]
 2005[13] (iB)[1411253, 1]
 2005[13] (iB)[1411254, 1]
 2005[13] (iB)[1411255, 1]
 2005[13] (iB)[1411256, 1]
 2005[13] (iB)[1411257, 1]
 2005[13] (iB)[1411258, 1]
 2005[13] (iB)[1411259, 1]
 2005[13] (iB)[1411260, 1]
 2005[13] (iB)[1411261, 1]
 2005[13] (iB)[1411262, 1]
 2005[13] (iB)[1411263, 1]
 2005[13] (iB)[1411264, 1]
 2005[13] (iB)[1411265, 1]
 2005[13] (iB)[1411266, 1]
 2005[13] (iB)[1411267, 1]
 2005[13] (iB)[1411268, 1]
 2005[13] (iB)[1411269, 1]
 2005[13] (iB)[1411270, 1]
 2005[13] (iB)[1411271, 1]
 2005[13] (iB)[1411272, 1]
 2005[13] (iB)[1411273, 1]
 2005[13] (iB)[1411274, 1]
 2005[13] (iB)[1411275, 1]
 2005[13] (iB)[1411276, 1]
 2005[13] (iB)[1411277, 1]
 2005[13] (iB)[1411278, 1]
 2005[13] (iB)[1411279, 1]
 2005[13] (iB)[1411280, 1]
 2005[13] (iB)[1411281, 1]
 2005[13] (iB)[1411282, 1]
 2005[13] (iB)[1411283, 1]
 2005[13] (iB)[1411284, 1]
 2005[13] (iB)[1411285, 1]
 2005[13] (iB)[1411286, 1]
 2005[13] (iB)[1411287, 1]
 2005[13] (iB)[1411288, 1]
 2005[13] (iB)[1411289, 1]
 2005[13] (iB)[1411290, 1]
 2005[13] (iB)[1411291, 1]
 2005[13] (iB)[1411292, 1]
 2005[13] (iB)[1411293, 1]
 2005[13] (iB)[1411294, 1]
 2005[13] (iB)[1411295, 1]
 2005[13] (iB)[1411296, 1]
 2005[13] (iB)[1411297, 1]
    3[00] (bBBi)[1, 1, 0, 11410291]
    3[00] (bBBi)[1, 1, 0, 11410292]
    0[00] (bBb)[0, 1, 1]
 2005[13] (iB)[1411250, 0]
 2005[13] (iB)[1411251, 0]
 2005[13] (iB)[1411252, 0]
 2005[13] (iB)[1411253, 0]
 2005[13] (iB)[1411254, 0]
 2005[13] (iB)[1411255, 0]
 2005[13] (iB)[1411256, 0]
 2005[13] (iB)[1411257, 0]
 2005[13] (iB)[1411258, 0]
 2005[13] (iB)[1411259, 0]
 2005[13] (iB)[1411260, 0]
 2005[13] (iB)[1411261, 0]
 2005[13] (iB)[1411262, 0]
 2005[13] (iB)[1411263, 0]
 2005[13] (iB)[1411264, 0]
 2005[13] (iB)[1411265, 0]
 2005[13] (iB)[1411266, 0]
 2005[13] (iB)[1411267, 0]
 2005[13] (iB)[1411268, 0]
 2005[13] (iB)[1411269, 0]
 2005[13] (iB)[1411270, 0]
 2005[13] (iB)[1411271, 0]
 2005[13] (iB)[1411272, 0]
 2005[13] (iB)[1411273, 0]
 2005[13] (iB)[1411274, 0]
 2005[13] (iB)[1411275, 0]
 2005[13] (iB)[1411276, 0]
 2005[13] (iB)[1411277, 0]
 2005[13] (iB)[1411278, 0]
 2005[13] (iB)[1411279, 0]
 2005[13] (iB)[1411280, 0]
 2005[13] (iB)[1411281, 0]
 2005[13] (iB)[1411282, 0]
 2005[13] (iB)[1411283, 0]
 2005[13] (iB)[1411284, 0]
 2005[13] (iB)[1411285, 0]
 2005[13] (iB)[1411286, 0]
 2005[13] (iB)[1411287, 0]
 2005[13] (iB)[1411288, 0]
 2005[13] (iB)[1411289, 0]
 2005[13] (iB)[1411290, 0]
 2005[13] (iB)[1411291, 0]
 2005[13] (iB)[1411292, 0]
 2005[13] (iB)[1411293, 0]
 2005[13] (iB)[1411294, 0]
 2005[13] (iB)[1411295, 0]
 2005[13] (iB)[1411296, 0]
 2005[13] (iB)[1411297, 0]

11415370, 0
    3[00] (bBBi)[1, 0, 0, 11410900]
    3[19] (biifhfiBii)[1, 1, 1412698, 0.0, -1, 0.0, 10010403, 48, 0, 1411790]
    0[00] (bBb)[0, 1, 1]
 2004[14] (ii)[10000, 1412697]
 2003[18] (iiBBB)[10000, 7410, 0, 0, 0]
 1000[04] (B)[1]

11415371, 0
    3[00] (bBBi)[1, 0, 0, 11410900]
    3[00] (bBBi)[1, 1, 0, 11415373]
    4[03] (bib)[1, 10000, 1]
    3[18] (biifhfiBii)[1, 1, 1412698, 0.0, -1, 0.0, 10010403, 255, 0, 1411790]
    0[00] (bBb)[0, 1, 1]
 2004[14] (ii)[10000, 1412697]
 2003[18] (iiBBB)[10000, 7410, 0, 0, 0]
 1000[04] (B)[1]

11415373, 0
 1003[01] (BBBi)[3, 1, 1, 0]
    3[00] (bBBi)[1, 0, 0, 11410900]
    3[02] (bBii)[1, 1, 10000, 1412696]
    0[00] (bBb)[0, 1, 1]
 1003[05] (Bb)[2, 1]
 2009[06] (B)[0]
 2004[28] (ii)[1410600, 4095]
 2009[04] (i)[1410600]
 2004[34] (iBb)[1410600, 1, 0]
 2004[15] (iB)[1410600, 0]

11415372, 1
 1003[01] (BBBi)[3, 0, 0, 11410900]
 2004[29] (iB)[1410600, 1]
 2004[04] (iB)[1410600, 0]
 1000[04] (B)[0]
 2004[01] (iB)[1410600, 0]
 2004[30] (iB)[1410600, 0]
 2004[15] (iB)[1410600, 1]
    3[00] (bBBi)[1, 1, 0, 11415373]
    3[06] (bb)[1, 0]
 1003[05] (Bb)[1, 1]
    3[00] (bBBi)[1, 1, 0, 51410180]
    3[00] (bBBi)[2, 1, 0, 11415373]
    4[01] (bii)[2, 1410600, 10000]
    0[00] (bBb)[-1, 1, 1]
    0[00] (bBb)[-1, 1, 2]
    0[00] (bBb)[0, 1, -1]
 2004[01] (iB)[1410600, 1]
 2003[11] (bihh)[1, 1410600, 0, 5250]

11410900, 0
 2005[03] (iB)[1411962, 0]
    4[00] (biB)[0, 1410600, 1]
 2003[02] (iB)[11410900, 1]
 2003[12] (i)[1410600]
 2004[29] (iB)[1410600, 1]
 2003[02] (iB)[11410800, 1]
 2005[03] (iB)[1411790, 0]
 2006[01] (iB)[1411791, 1]
 2005[03] (iB)[1411962, 1]
 2009[03] (iiffi)[11410976, 1411962, 2.0, 180.0, 0]
 1003[02] (BBBi)[0, 1, 0, 11800100]
 2003[02] (iB)[402, 1]

11415374, 0
 2000[02] (B)[0]
    3[00] (bBBi)[1, 0, 0, 11410900]
    3[00] (bBBi)[1, 1, 0, 11415372]
 1003[05] (Bb)[1, 0]
    3[00] (bBBi)[1, 1, 0, 11415371]
    3[02] (bBii)[1, 1, 10000, 1412690]
    0[00] (bBb)[0, 1, 1]
 2010[03] (iB)[1413801, 1]
    3[00] (bBBi)[0, 1, 0, 11410900]
 2010[03] (iB)[1413801, 0]

11415376, 1
    4[00] (biB)[1, 1410600, 0]
    3[02] (bBii)[1, 1, 1410600, 1412799]
    0[00] (bBb)[0, 1, 1]
 2004[41] (iBii)[1410600, 1, 1412797, -1]
 2003[18] (iiBBB)[1410600, 17006, 0, 1, 0]
 2004[41] (iBii)[1410600, 1, 1412798, -1]

11415377, 1
 1003[01] (BBBi)[4, 0, 1, 0]
 2004[21] (ii)[1410600, 5132]
 2004[08] (ii)[1410600, 5133]
 2004[17] (iiB)[1410600, -1, 1]
 1000[04] (B)[0]
    4[08] (biiB)[0, 1410600, 300, 1]
 2004[21] (ii)[1410600, 5132]
 2004[08] (ii)[1410600, 5133]
 2004[17] (iiB)[1410600, -1, 1]
 2004[20] (i)[1410600]

11415378, 1
 1003[01] (BBBi)[4, 1, 0, 0]
    3[06] (bb)[1, 0]
 1003[05] (Bb)[1, 1]
    3[00] (bBBi)[1, 1, 0, 51410180]
    3[02] (bBii)[1, 1, 10000, 1412796]
    0[00] (bBb)[0, 1, 1]
 2004[17] (iiB)[1410600, 1, 1]
 2004[20] (i)[1410600]

11415379, 1
 1003[02] (BBBi)[0, 1, 0, 11410900]
    3[01] (bBBii)[1, 0, 0, 11415310, 11415314]
    4[02] (bibf)[2, 1410600, 5, 0.0]
    0[00] (bBb)[-1, 1, 1]
    0[00] (bBb)[-1, 1, 2]
    0[00] (bBb)[0, 1, -1]
 1000[08] (BBb)[0, 1, 2]
 2004[04] (iB)[1410600, 1]

11415310, 1
    3[00] (bBBi)[1, 1, 0, 11415376]
    3[00] (bBBi)[1, 1, 0, 0]
    ^(4 <- 0, 4)
    4[01] (bii)[1, 1410600, 10000]
    0[00] (bBb)[0, 1, 1]
 1000[04] (B)[0]

11410800, 0
 1003[01] (BBBi)[5, 0, 0, 11410801]
 2005[03] (iB)[1411100, 0]
 2011[01] (iB)[1413100, 0]
 2010[03] (iB)[1413805, 0]
 2005[04] (iB)[1411610, 1]
 1000[04] (B)[0]
 2005[03] (iB)[1411610, 0]
 2005[04] (iB)[1411610, 0]
 2011[01] (iB)[1413101, 0]
 2004[05] (iB)[1410450, 0]
 2004[05] (iB)[1410451, 0]
 2004[05] (iB)[1410452, 0]
 2004[05] (iB)[1410453, 0]
 2004[05] (iB)[1410454, 0]
 2004[05] (iB)[1410455, 0]
 2004[05] (iB)[1410456, 0]
 2000[02] (B)[0]
    3[00] (bBBi)[0, 1, 1, 0]
 1001[00] (f)[5.0]
    3[06] (bb)[1, 0]
    4[02] (bibf)[1, 10000, 5, 0.0]
 1000[02] (BBb)[0, 1, 1]
 1003[06] (Bb)[0, 1]
    3[02] (bBii)[0, 1, 10000, 1412530]
 2002[03] (iIi)[140100, 0, 10000]
 1001[01] (i)[1]
 2003[02] (iB)[11410801, 1]
 2005[03] (iB)[1411100, 0]
 2010[03] (iB)[1413805, 0]
 2011[01] (iB)[1413100, 0]
 2011[01] (iB)[1413101, 1]
 2005[03] (iB)[1411610, 1]
 2005[04] (iB)[1411610, 1]
 2004[05] (iB)[1410450, 1]
 2004[05] (iB)[1410451, 1]
 2004[05] (iB)[1410452, 1]
 2004[05] (iB)[1410453, 1]
 2004[05] (iB)[1410454, 1]
 2004[05] (iB)[1410455, 1]
 2004[05] (iB)[1410456, 1]

11415380, 0
    3[00] (bBBi)[1, 0, 0, 11410901]
    3[19] (biifhfiBii)[1, 1, 1412898, 0.0, -1, 0.0, 10010403, 48, 0, 1411890]
    0[00] (bBb)[0, 1, 1]
 2004[14] (ii)[10000, 1412897]
 2003[18] (iiBBB)[10000, 7410, 0, 0, 0]
 1000[04] (B)[1]

11415381, 0
    3[00] (bBBi)[1, 0, 0, 11410901]
    3[00] (bBBi)[1, 1, 0, 11415383]
    4[03] (bib)[1, 10000, 1]
    3[18] (biifhfiBii)[1, 1, 1412898, 0.0, -1, 0.0, 10010403, 255, 0, 1411890]
    0[00] (bBb)[0, 1, 1]
 2004[14] (ii)[10000, 1412897]
 2003[18] (iiBBB)[10000, 7410, 0, 0, 0]
 1000[04] (B)[1]

11415383, 0
 1003[01] (BBBi)[3, 1, 1, 0]
    3[00] (bBBi)[1, 0, 0, 11410901]
    3[02] (bBii)[1, 1, 10000, 1412896]
    0[00] (bBb)[0, 1, 1]
 1003[05] (Bb)[1, 1]
 2009[06] (B)[0]
 2009[04] (i)[1410700]

11415382, 1
 2005[03] (iB)[1411110, 0]
 2000[00] (iII)[0, 11415385, 0]
 1003[01] (BBBi)[2, 0, 0, 11410901]
 2004[29] (iB)[1410700, 1]
 1000[04] (B)[0]
 1003[01] (BBBi)[2, 1, 0, 11410002]
 2005[03] (iB)[1411110, 1]
 2004[05] (iB)[1410700, 0]
 2004[01] (iB)[1410700, 0]
    3[00] (bBBi)[1, 1, 0, 11415383]
    3[02] (bBii)[1, 1, 10000, 1412896]
    0[00] (bBb)[0, 1, 1]
 1003[01] (BBBi)[8, 1, 0, 11410002]
 1003[05] (Bb)[2, 2]
 2002[03] (iIi)[140120, 0, 10000]
 1000[03] (B)[1]
 2002[03] (iIi)[140120, 2, 10000]
 1001[01] (i)[1]
 2004[05] (iB)[1410700, 1]
 2005[03] (iB)[1411110, 0]
 2003[02] (iB)[11410002, 1]
 2004[01] (iB)[1410700, 1]
 2003[11] (bihh)[1, 1410700, 0, 5200]

11410901, 0
    4[00] (biB)[0, 1410700, 1]
 2003[02] (iB)[11410901, 1]
 2003[12] (i)[1410700]
 2003[02] (iB)[11410901, 1]
 2005[03] (iB)[1411890, 0]
 2006[01] (iB)[1411891, 1]
 2005[03] (iB)[1411892, 0]
 2006[01] (iB)[1411893, 1]
 2000[02] (B)[0]
 1001[00] (f)[10.0]
 2004[05] (iB)[1410700, 0]
 2004[29] (iB)[1410700, 1]

11415384, 0
 2000[02] (B)[0]
    3[00] (bBBi)[1, 0, 0, 11410901]
    3[00] (bBBi)[1, 1, 0, 11410002]
    3[00] (bBBi)[1, 1, 0, 11415382]
 1003[05] (Bb)[1, 0]
    3[00] (bBBi)[1, 1, 0, 11415381]
    3[02] (bBii)[1, 1, 10000, 1412890]
    0[00] (bBb)[0, 1, 1]
 2010[03] (iB)[1413802, 1]
    3[00] (bBBi)[0, 1, 0, 11410901]
 2010[03] (iB)[1413802, 0]

11415385, 2
 2004[05] (iB)[1410710, 0]
 2004[05] (iB)[1410711, 0]
 2004[05] (iB)[1410712, 0]
 2004[05] (iB)[1410713, 0]
 2004[05] (iB)[1410714, 0]
 2004[05] (iB)[1410720, 0]
 2004[05] (iB)[1410721, 0]
 2004[05] (iB)[1410722, 0]
 2004[05] (iB)[1410723, 0]
 2004[05] (iB)[1410724, 0]
 1003[02] (BBBi)[0, 1, 0, 11410901]
 2000[00] (iII|IIII)[0, 11415350, 11415380, 5200, 5200, 125, 1410710]
 2000[00] (iII|IIII)[1, 11415350, 11415350, 5201, 5201, 125, 1410711]
 2000[00] (iII|IIII)[2, 11415350, 11415351, 5202, 5202, 125, 1410712]
 2000[00] (iII|IIII)[3, 11415350, 11415352, 5203, 5203, 125, 1410713]
 2000[00] (iII|IIII)[4, 11415350, 11415353, 5204, 5204, 125, 1410714]
 2000[00] (iII|IIII)[0, 11415360, 11415380, 5205, 5205, 95, 1410720]
 2000[00] (iII|IIII)[1, 11415360, 11415360, 5206, 5206, 95, 1410721]
 2000[00] (iII|IIII)[2, 11415360, 11415361, 5207, 5207, 95, 1410722]
 2000[00] (iII|IIII)[3, 11415360, 11415362, 5208, 5208, 95, 1410723]
 2000[00] (iII|IIII)[4, 11415360, 11415363, 5209, 5209, 95, 1410724]
 2000[00] (iII|I)[0, 11415320, 11415380, 1410710]
 2000[00] (iII|I)[1, 11415320, 11415350, 1410711]
 2000[00] (iII|I)[2, 11415320, 11415351, 1410712]
 2000[00] (iII|I)[3, 11415320, 11415352, 1410713]
 2000[00] (iII|I)[4, 11415320, 11415353, 1410714]
 2000[00] (iII|I)[5, 11415320, 11415380, 1410720]
 2000[00] (iII|I)[6, 11415320, 11415360, 1410721]
 2000[00] (iII|I)[7, 11415320, 11415361, 1410722]
 2000[00] (iII|I)[8, 11415320, 11415362, 1410723]
 2000[00] (iII|I)[9, 11415320, 11415363, 1410724]

11415386, 0
 1003[06] (Bb)[0, 1]
    4[00] (biB)[-1, 1410700, 1]
    4[00] (biB)[-1, 1410710, 1]
    4[00] (biB)[-1, 1410711, 1]
    4[00] (biB)[-1, 1410712, 1]
    4[00] (biB)[-1, 1410713, 1]
    4[00] (biB)[-1, 1410714, 1]
    4[00] (biB)[-1, 1410720, 1]
    4[00] (biB)[-1, 1410721, 1]
    4[00] (biB)[-1, 1410722, 1]
    4[00] (biB)[-1, 1410723, 1]
    4[00] (biB)[-1, 1410724, 1]
    0[00] (bBb)[0, 1, -1]
    4[03] (bib)[-7, 10000, 0]
    4[03] (bib)[-7, 10000, 8]
 1000[02] (BBb)[0, 0, -7]
 2003[36] (i)[2670]

11415320, 2
    3[00] (bBBi)[1, 1, 0, 0]
    ^(4 <- 0, 4)
    4[08] (biiB)[1, 1410700, 400, 1]
    4[02] (bibf)[1, 1410700, 2, 0.0]
    0[00] (bBb)[0, 1, 1]
    4[02] (bibf)[0, 1410700, 5, 0.0]
 2004[04] (iB)[0, 1]
    ^(0 <- 4, 4)

11415350, 2
 1003[01] (BBBi)[1, 0, 2, 0]
 2004[05] (iB)[0, 1]
    ^(0 <- 16, 4)
 1003[01] (BBBi)[4, 0, 0, 11415354]
 2004[26] (iBB)[1410700, 0, 0]
 2004[27] (iBB)[1410700, 1, 1]
 2004[17] (iiB)[1410700, 20, 0]
 1000[04] (B)[0]
    3[00] (bBBi)[0, 1, 0, 0]
    ^(4 <- 0, 4)
 2004[22] (ihhiffBB)[1410700, 0, 1, 0, 1.0, 1.0, 0, 0]
    ^(4 <- 4, 2)
    ^(8 <- 12, 4)
    4[06] (biiib)[1, 1410700, 0, 0, 5]
    ^(8 <- 8, 4)
    4[02] (bibf)[2, 1410700, 5, 0.0]
    0[00] (bBb)[-1, 1, 1]
    0[00] (bBb)[-1, 1, 2]
    0[00] (bBb)[0, 1, -1]
 1000[08] (BBb)[0, 1, 2]
 2004[06] (iiB)[1410700, 1001, 0]
    4[08] (biiB)[0, 1410700, 400, 1]
 2004[05] (iB)[0, 1]
    ^(0 <- 16, 4)
 2004[42] (iBiii)[0, 2, 1410700, 140, 1410700]
    ^(0 <- 16, 4)
 2003[18] (iiBBB)[0, 8100, 0, 0, 0]
    ^(0 <- 16, 4)
 2004[26] (iBB)[1410700, 0, 0]
 2004[27] (iBB)[1410700, 1, 1]
 2004[17] (iiB)[1410700, 10, 0]
 1003[01] (BBBi)[2, 0, 0, 11415353]
 2004[17] (iiB)[1410700, 20, 0]
 1000[04] (B)[0]
    4[08] (biiB)[0, 1410700, 300, 1]
 2004[26] (iBB)[1410700, 0, 1]
 2004[27] (iBB)[1410700, 1, 0]
 2004[17] (iiB)[1410700, -1, 0]

11415360, 2
 1003[01] (BBBi)[1, 0, 2, 0]
 2004[05] (iB)[0, 1]
    ^(0 <- 16, 4)
 1003[01] (BBBi)[4, 0, 0, 11415364]
 2004[26] (iBB)[1410700, 1, 0]
 2004[27] (iBB)[1410700, 2, 1]
 2004[17] (iiB)[1410700, 20, 1]
 1000[04] (B)[0]
    3[00] (bBBi)[0, 1, 0, 0]
    ^(4 <- 0, 4)
 2004[22] (ihhiffBB)[1410700, 0, 2, 0, 1.0, 1.0, 0, 0]
    ^(4 <- 4, 2)
    ^(8 <- 12, 4)
    4[06] (biiib)[1, 1410700, 0, 0, 5]
    ^(8 <- 8, 4)
    4[02] (bibf)[2, 1410700, 5, 0.0]
    0[00] (bBb)[-1, 1, 1]
    0[00] (bBb)[-1, 1, 2]
    0[00] (bBb)[0, 1, -1]
 1000[08] (BBb)[0, 1, 2]
 2004[06] (iiB)[1410700, 1002, 0]
    4[08] (biiB)[0, 1410700, 400, 1]
 2004[05] (iB)[0, 1]
    ^(0 <- 16, 4)
 2004[42] (iBiii)[0, 2, 1410700, 141, 1410700]
    ^(0 <- 16, 4)
 2003[18] (iiBBB)[0, 8100, 0, 0, 0]
    ^(0 <- 16, 4)
 2004[26] (iBB)[1410700, 1, 0]
 2004[27] (iBB)[1410700, 2, 1]
 2004[17] (iiB)[1410700, 10, 1]
 1003[01] (BBBi)[2, 0, 0, 11415363]
 2004[17] (iiB)[1410700, 20, 1]
 1000[04] (B)[0]
    4[08] (biiB)[0, 1410700, 600, 1]
 2004[26] (iBB)[1410700, 1, 1]
 2004[27] (iBB)[1410700, 2, 0]
 2004[17] (iiB)[1410700, -1, 1]

11410340, 0
 1003[01] (BBBi)[2, 0, 1, 0]
 2005[07] (ii)[1411340, 1]
 1000[04] (B)[0]
    3[06] (bb)[1, 0]
    4[12] (bB)[1, 9]
    3[00] (bBBi)[1, 1, 0, 11400598]
    3[18] (biifhfiBii)[1, 1, 1412201, 0.0, -1, 0.0, 10010510, 48, 0, 1411340]
    3[18] (biifhfiBii)[2, 1, 1412200, 0.0, -1, 0.0, 10010510, 48, 0, 1411340]
    0[00] (bBb)[-1, 1, 1]
    0[00] (bBb)[-1, 1, 2]
    0[00] (bBb)[0, 1, -1]
 2003[02] (iB)[11410340, 1]
 2004[14] (ii)[10000, 1411340]
 2003[18] (iiBBB)[10000, 7114, 0, 1, 0]
 2003[18] (iiBBB)[1411340, 1, 0, 0, 0]
 2006[03] (iiii)[0, 1411340, -1, 140000]

11410341, 0
 2000[02] (B)[0]
    3[00] (bBBi)[1, 0, 0, 11410340]
    3[06] (bb)[6, 0]
    4[12] (bB)[7, 9]
    0[00] (bBb)[6, 0, 7]
    0[00] (bBb)[-7, 1, 6]
    3[00] (bBBi)[-7, 0, 0, 11400598]
    0[00] (bBb)[1, 1, -7]
    3[18] (biifhfiBii)[-2, 1, 1412201, 0.0, -1, 0.0, 10010510, 48, 0, 1411340]
    0[00] (bBb)[1, 1, -2]
    3[00] (bBBi)[2, 0, 0, 11410340]
    3[06] (bb)[2, 1]
    3[18] (biifhfiBii)[-3, 1, 1412200, 0.0, -1, 0.0, 10010510, 255, 0, 1411340]
    3[18] (biifhfiBii)[-3, 1, 1412201, 0.0, -1, 0.0, 10010510, 255, 0, 1411340]
    0[00] (bBb)[2, 1, -3]
    3[00] (bBBi)[3, 1, 0, 11410340]
    0[00] (bBb)[-1, 1, 1]
    0[00] (bBb)[-1, 1, 2]
    0[00] (bBb)[-1, 1, 3]
    0[00] (bBb)[0, 1, -1]
 1003[02] (BBBi)[0, 1, 0, 11410340]
 2007[01] (ihhif)[10010160, 0, 6, 1411340, 5.0]
 1000[04] (B)[1]

11410360, 0
 1003[01] (BBBi)[2, 0, 1, 0]
 2005[03] (iB)[1411360, 0]
 1000[04] (B)[0]
    5[00] (bBi)[0, 1, 1411360]
 2003[02] (iB)[11410360, 1]

11410400, 0
 1003[01] (BBBi)[1, 0, 0, 11410401]
 2005[07] (ii)[1411400, 0]
    3[00] (bBBi)[0, 1, 0, 11410410]
    3[00] (bBBi)[1, 1, 0, 11410401]
    3[02] (bBii)[1, 1, 10000, 1412403]
    3[00] (bBBi)[2, 0, 0, 11410401]
    3[02] (bBii)[2, 1, 10000, 1412402]
    3[00] (bBBi)[3, 0, 0, 11410401]
    3[02] (bBii)[3, 1, 10000, 1412401]
    3[00] (bBBi)[4, 1, 0, 11410401]
    3[02] (bBii)[4, 1, 10000, 1412400]
    0[00] (bBb)[-1, 1, 1]
    0[00] (bBb)[-1, 1, 2]
    0[00] (bBb)[-1, 1, 3]
    0[00] (bBb)[-1, 1, 4]
    0[00] (bBb)[0, 1, -1]
 1000[07] (BBb)[2, 1, 3]
 1000[07] (BBb)[8, 1, 4]
 1003[01] (BBBi)[7, 1, 0, 11410401]
 2003[02] (iB)[11410401, 1]
 2006[04] (iii)[1411400, 100, 140002]
 2003[18] (iiBBB)[1411400, 3, 0, 1, 0]
 2006[05] (ii)[1411400, 1]
    3[07] (bBi)[0, 0, 1412403]
 2003[18] (iiBBB)[1411400, 4, 0, 1, 0]
 1000[04] (B)[1]
 2003[02] (iB)[11410401, 0]
 2006[04] (iii)[1411400, 100, 140002]
 2003[18] (iiBBB)[1411400, 1, 0, 1, 0]
 2006[05] (ii)[1411400, 1]
    3[07] (bBi)[0, 0, 1412402]
 2003[18] (iiBBB)[1411400, 5, 0, 1, 0]
 1000[04] (B)[1]

11410402, 0
 2000[02] (B)[0]
    3[00] (bBBi)[-2, 0, 0, 11410410]
    3[06] (bb)[-2, 2]
    0[00] (bBb)[1, 1, -2]
    3[05] (biifhfiBi)[1, 0, 1411400, 180.0, 100, 1.5, 10010510, 255, 0]
    0[00] (bBb)[0, 1, 1]
 2007[01] (ihhif)[10010170, 0, 6, 1411400, 3.0]
 1000[04] (B)[1]

11415340, 0
    3[00] (bBBi)[1, 0, 0, 11410410]
    3[19] (biifhfiBii)[1, 1, 1412411, 0.0, -1, 0.0, 10010403, 48, 0, 1411410]
    0[00] (bBb)[0, 1, 1]
 2004[14] (ii)[10000, 1412412]
 2003[18] (iiBBB)[10000, 7410, 0, 0, 0]
 1000[04] (B)[1]

11415341, 0
    3[00] (bBBi)[1, 0, 0, 11410410]
    3[00] (bBBi)[1, 1, 0, 11415343]
    4[03] (bib)[1, 10000, 1]
    3[18] (biifhfiBii)[1, 1, 1412411, 0.0, -1, 0.0, 10010403, 255, 0, 1411410]
    0[00] (bBb)[0, 1, 1]
 2004[14] (ii)[10000, 1412412]
 2003[18] (iiBBB)[10000, 7410, 0, 0, 0]
 1000[04] (B)[1]

11415343, 0
 1003[01] (BBBi)[3, 1, 1, 0]
    3[00] (bBBi)[1, 0, 0, 11410410]
    3[02] (bBii)[1, 1, 10000, 1412416]
    0[00] (bBb)[0, 1, 1]
 1003[05] (Bb)[1, 1]
 2009[06] (B)[0]
 2009[04] (i)[1410400]

11415342, 1
 1003[01] (BBBi)[7, 0, 0, 11410410]
 2005[03] (iB)[1411410, 0]
 2006[01] (iB)[1411411, 0]
 2005[03] (iB)[1411412, 0]
 2006[01] (iB)[1411413, 0]
 2004[05] (iB)[1410400, 0]
 2004[29] (iB)[1410400, 1]
 1000[04] (B)[0]
 2004[01] (iB)[1410400, 0]
    3[00] (bBBi)[1, 1, 0, 11415343]
    3[02] (bBii)[1, 1, 10000, 1412416]
    0[00] (bBb)[0, 1, 1]
 2004[01] (iB)[1410400, 1]
 2003[11] (bihh)[1, 1410400, 0, 2230]

11415344, 0
 2000[02] (B)[0]
    3[00] (bBBi)[1, 0, 0, 11410410]
    3[00] (bBBi)[1, 1, 0, 11415342]
 1003[05] (Bb)[1, 0]
    3[00] (bBBi)[1, 1, 0, 11415341]
    3[02] (bBii)[1, 1, 10000, 1412410]
    0[00] (bBb)[0, 1, 1]
 2010[03] (iB)[1413803, 1]
    3[00] (bBBi)[0, 1, 0, 11410410]
 2010[03] (iB)[1413803, 0]

11415345, 0
 2000[02] (B)[0]
    3[00] (bBBi)[1, 1, 0, 11415340]
    3[02] (bBii)[1, 1, 10000, 1412410]
    4[07] (biB)[-1, 1400700, 1]
    4[07] (biB)[-1, 6160, 1]
    4[07] (biB)[-1, 1400411, 1]
    4[07] (biB)[-1, 1400412, 1]
    4[07] (biB)[-1, 1400413, 1]
    4[07] (biB)[-1, 1400414, 1]
    4[07] (biB)[-1, 1400415, 1]
    0[00] (bBb)[1, 1, -1]
    0[00] (bBb)[0, 1, 1]
 2004[29] (iB)[1400700, 1]
 2004[29] (iB)[6160, 1]
 2004[29] (iB)[1400411, 1]
 2004[29] (iB)[1400412, 1]
 2004[29] (iB)[1400413, 1]
 2004[29] (iB)[1400414, 1]
 2004[29] (iB)[1400415, 1]
    3[00] (bBBi)[0, 1, 0, 11410410]
 1001[00] (f)[5.0]
 2004[29] (iB)[1400700, 0]
 2004[29] (iB)[6160, 0]
 2004[29] (iB)[1400411, 0]
 2004[29] (iB)[1400412, 0]
 2004[29] (iB)[1400413, 0]
 2004[29] (iB)[1400414, 0]
 2004[29] (iB)[1400415, 0]

11410410, 0
    4[00] (biB)[0, 1410400, 1]
 2003[02] (iB)[11410410, 1]
 2003[12] (i)[1410400]
 2003[02] (iB)[11410410, 1]
 2005[03] (iB)[1411410, 0]
 2006[01] (iB)[1411411, 1]
 2005[03] (iB)[1411412, 0]
 2006[01] (iB)[1411413, 1]
 2000[02] (B)[0]
 1001[00] (f)[3.0]
 2004[05] (iB)[1410400, 0]
 2004[29] (iB)[1410400, 1]

11415100, 1
 1003[01] (BBBi)[2, 0, 2, 0]
 2004[09] (iiiiii)[0, -1, -1, -1, -1, -1]
    ^(0 <- 4, 4)
    ^(12 <- 8, 4)
 1000[04] (B)[0]
    3[03] (bBiif)[0, 1, 0, 10000, 0.0]
    ^(4 <- 0, 4)
    ^(12 <- 12, 4)
 1001[00] (f)[0.0]
    ^(0 <- 16, 4)
 2004[09] (iiiiii)[0, -1, -1, -1, -1, -1]
    ^(0 <- 4, 4)
    ^(12 <- 8, 4)

11415120, 1
 1003[01] (BBBi)[2, 0, 2, 0]
 2004[09] (iiiiii)[0, -1, -1, -1, -1, -1]
    ^(0 <- 4, 4)
    ^(12 <- 8, 4)
 1000[04] (B)[0]
    3[02] (bBii)[0, 1, 0, 0]
    ^(4 <- 0, 4)
    ^(8 <- 12, 4)
 1001[00] (f)[0.0]
    ^(0 <- 16, 4)
 2004[09] (iiiiii)[0, -1, -1, -1, -1, -1]
    ^(0 <- 4, 4)
    ^(12 <- 8, 4)

11415200, 1
 2000[00] (iII|III)[0, 11415201, 1410500, 215613441, 3290, 11415201]
 2000[00] (iII|II)[-1, 5200, 1410500, 11415201, 256]
 2000[00] (iII|II)[-1, 5200, 1410500, 11415201, 770]
 2000[00] (iII|IIII)[-1, 5201, 1410500, 11415201, 1411500, 1411501, 8061048]
 2000[00] (iII|IIII)[-1, 5201, 1410500, 11415201, 1411502, 1411503, 8454270]
 2000[00] (iII|IIIII)[-1, 5202, 1410500, 11415201, 1410550, 1410551, 120, 123]
 2000[00] (iII|IIIII)[-1, 5202, 1410500, 11415201, 1410552, 1410553, 126, 129]
 2000[00] (iII|III)[1, 11415201, 1410500, 215678978, 3291, 11415202]
 2000[00] (iII|II)[-1, 5200, 1410500, 11415202, 2821]
 2000[00] (iII|IIII)[-1, 5201, 1410500, 11415202, 1411504, 1411505, 8978567]
 2000[00] (iII|IIIII)[-1, 5202, 1410500, 11415202, 1410554, 1410555, 135, 137]
 2000[00] (iII|IIIII)[-1, 5202, 1410500, 11415202, 1410556, 1410557, 153, 155]
 2000[00] (iII|III)[2, 11415201, 1410500, 215744515, 3292, 11415203]
 2000[00] (iII|II)[-1, 5200, 1410500, 11415203, 1798]
 2000[00] (iII|II)[-1, 5200, 1410500, 11415203, 2568]
 2000[00] (iII|IIII)[-1, 5201, 1410500, 11415203, 1411506, 1411507, 9240714]
 2000[00] (iII|IIII)[-1, 5201, 1410500, 11415203, 1411508, 1411509, 9830544]
 2000[00] (iII|IIIII)[-1, 5202, 1410500, 11415203, 1410558, 1410559, 138, 141]
 2000[00] (iII|IIIII)[-1, 5202, 1410500, 11415203, 1410560, 1410561, 144, 150]
 2000[00] (iII|III)[3, 11415201, 1410500, 215810052, 3293, 11415204]
 2000[00] (iII|II)[-1, 5200, 1410500, 11415204, 2308]
 2000[00] (iII|IIII)[-1, 5201, 1410500, 11415204, 1411510, 1411511, 8781956]
 2000[00] (iII|IIIII)[-1, 5202, 1410500, 11415204, 1410562, 1410563, 132, 134]
 2000[00] (iII|IIIII)[-1, 5202, 1410500, 11415204, 1410564, 1410565, 150, 152]

11415201, 2
 1003[02] (BBBi)[0, 1, 2, 0]
    4[07] (biB)[0, 0, 1]
    ^(4 <- 0, 4)
 2004[22] (ihhiffBB)[0, 0, 0, 100, 1.0, 1.0, 0, 0]
    ^(0 <- 0, 4)
    ^(6 <- 4, 2)
    ^(4 <- 6, 2)
    4[06] (biiib)[0, 0, 0, 0, 5]
    ^(4 <- 0, 4)
    ^(8 <- 8, 4)
 2003[02] (iB)[11415290, 0]
 2003[02] (iB)[11415291, 0]
 1003[05] (Bb)[1, 1]
 2003[17] (IIB)[11415290, 11415291, 1]
 2003[02] (iB)[0, 1]
    ^(0 <- 12, 4)
 1003[01] (BBBi)[2, 0, 0, 11415290]
 2003[18] (iiBBB)[0, 8000, 0, 0, 0]
    ^(0 <- 0, 4)
 1000[03] (B)[1]
 2003[18] (iiBBB)[0, 8010, 0, 0, 0]
    ^(0 <- 0, 4)

5200, 2
 1003[01] (BBBi)[6, 1, 0, 0]
    ^(4 <- 4, 4)
    3[00] (bBBi)[1, 1, 0, 0]
    ^(4 <- 4, 4)
    4[00] (biB)[2, 0, 1]
    ^(4 <- 0, 4)
    0[00] (bBb)[-1, 1, 1]
    0[00] (bBb)[-1, 1, 2]
    0[00] (bBb)[0, 1, -1]
 1000[08] (BBb)[0, 1, 2]
 2004[26] (iBB)[0, 0, 0]
    ^(0 <- 0, 4)
    ^(4 <- 8, 1)
 2004[26] (iBB)[0, 0, 0]
    ^(0 <- 0, 4)
    ^(4 <- 9, 1)

5201, 2
 2005[03] (iB)[0, 0]
    ^(0 <- 8, 4)
 2005[03] (iB)[0, 0]
    ^(0 <- 12, 4)
 1003[02] (BBBi)[0, 1, 0, 0]
    ^(4 <- 4, 4)
    3[00] (bBBi)[1, 1, 0, 0]
    ^(4 <- 4, 4)
    4[00] (biB)[2, 0, 1]
    ^(4 <- 0, 4)
    0[00] (bBb)[-1, 1, 1]
    0[00] (bBb)[-1, 1, 2]
    0[00] (bBb)[0, 1, -1]
 1000[08] (BBb)[0, 1, 2]
 2005[03] (iB)[0, 1]
    ^(0 <- 8, 4)
 2005[03] (iB)[0, 1]
    ^(0 <- 12, 4)
 2005[11] (iih)[0, -1, -1]
    ^(4 <- 0, 4)
    ^(0 <- 8, 4)
    ^(8 <- 16, 2)
 2005[11] (iih)[0, -1, -1]
    ^(4 <- 0, 4)
    ^(0 <- 12, 4)
    ^(8 <- 18, 2)
 2005[01] (ib)[0, 1]
    ^(0 <- 8, 4)
 2005[01] (ib)[0, 1]
    ^(0 <- 12, 4)

5202, 2
 1003[02] (BBBi)[0, 1, 0, 0]
    ^(4 <- 4, 4)
 2004[05] (iB)[0, 0]
    ^(0 <- 8, 4)
 2004[05] (iB)[0, 0]
    ^(0 <- 12, 4)
    3[00] (bBBi)[1, 1, 0, 0]
    ^(4 <- 4, 4)
    4[00] (biB)[2, 0, 1]
    ^(4 <- 0, 4)
    0[00] (bBb)[-1, 1, 1]
    0[00] (bBb)[-1, 1, 2]
    0[00] (bBb)[0, 1, -1]
 1000[08] (BBb)[0, 1, 2]
 2004[43] (iB)[0, 0]
    ^(0 <- 0, 4)
 2004[42] (iBiii)[0, 2, 0, -1, 0]
    ^(8 <- 0, 4)
    ^(16 <- 0, 4)
    ^(0 <- 8, 4)
    ^(12 <- 16, 4)
 2004[42] (iBiii)[0, 2, 0, -1, 0]
    ^(8 <- 0, 4)
    ^(16 <- 0, 4)
    ^(0 <- 12, 4)
    ^(12 <- 20, 4)
 2004[05] (iB)[0, 1]
    ^(0 <- 8, 4)
 2004[05] (iB)[0, 1]
    ^(0 <- 12, 4)
 2003[18] (iiBBB)[0, 7000, 0, 0, 0]
    ^(0 <- 8, 4)
 2003[18] (iiBBB)[0, 7000, 0, 0, 0]
    ^(0 <- 12, 4)

11415210, 1
    3[10] (bBiibi)[0, 0, 0, 0, 4, 0]
    ^(4 <- 0, 4)
    ^(8 <- 4, 4)
    ^(16 <- 8, 4)
 2010[03] (iB)[1413806, 0]

11415250, 1
 1003[01] (BBBi)[2, 0, 2, 0]
 2004[26] (iBB)[0, 2, 0]
    ^(0 <- 0, 4)
 1000[04] (B)[0]
 2004[05] (iB)[0, 0]
    ^(0 <- 4, 4)
 2004[05] (iB)[0, 0]
    ^(0 <- 8, 4)
 2004[05] (iB)[0, 0]
    ^(0 <- 12, 4)
 2004[05] (iB)[0, 0]
    ^(0 <- 16, 4)
 2004[05] (iB)[0, 0]
    ^(0 <- 20, 4)
    4[00] (biB)[0, 0, 1]
    ^(4 <- 0, 4)
 2004[26] (iBB)[0, 2, 0]
    ^(0 <- 0, 4)
 2004[05] (iB)[0, 1]
    ^(0 <- 4, 4)
 2004[05] (iB)[0, 1]
    ^(0 <- 8, 4)
 2004[05] (iB)[0, 1]
    ^(0 <- 12, 4)
 2004[05] (iB)[0, 1]
    ^(0 <- 16, 4)
 2004[05] (iB)[0, 1]
    ^(0 <- 20, 4)
 2004[42] (iBiii)[0, 2, 0, 100, 0]
    ^(8 <- 0, 4)
    ^(16 <- 0, 4)
    ^(0 <- 4, 4)
 2004[42] (iBiii)[0, 2, 0, 101, 0]
    ^(8 <- 0, 4)
    ^(16 <- 0, 4)
    ^(0 <- 8, 4)
 2004[42] (iBiii)[0, 2, 0, 102, 0]
    ^(8 <- 0, 4)
    ^(16 <- 0, 4)
    ^(0 <- 12, 4)
 2004[42] (iBiii)[0, 2, 0, 103, 0]
    ^(8 <- 0, 4)
    ^(16 <- 0, 4)
    ^(0 <- 16, 4)
 2004[42] (iBiii)[0, 2, 0, 104, 0]
    ^(8 <- 0, 4)
    ^(16 <- 0, 4)
    ^(0 <- 20, 4)
 2003[18] (iiBBB)[0, 7000, 0, 0, 0]
    ^(0 <- 4, 4)
 2003[18] (iiBBB)[0, 7000, 0, 0, 0]
    ^(0 <- 8, 4)
 2003[18] (iiBBB)[0, 7000, 0, 0, 0]
    ^(0 <- 12, 4)
 2003[18] (iiBBB)[0, 7000, 0, 0, 0]
    ^(0 <- 16, 4)
 2003[18] (iiBBB)[0, 7000, 0, 0, 0]
    ^(0 <- 20, 4)

11410350, 0
 1003[01] (BBBi)[5, 0, 1, 0]
 2005[03] (iB)[1411350, 0]
 2005[08] (ib)[1411351, 1]
 2005[07] (ii)[1411600, 116]
 2005[04] (iB)[1411600, 1]
 1000[04] (B)[0]
 2005[03] (iB)[1411351, 0]
 2005[04] (iB)[1411600, 0]
 2006[04] (iii)[1411600, 90, 99010]
 2003[18] (iiBBB)[1411600, 115, 1, 0, 0]
    3[02] (bBii)[-1, 1, 10000, 1412350]
    5[00] (bBi)[-1, 1, 1411350]
    0[00] (bBb)[0, 1, -1]
 2005[03] (iB)[1411350, 0]
 2005[03] (iB)[1411351, 1]
 2006[03] (iiii)[0, 1411351, -1, 140001]
 2010[02] (iii)[1411351, 3, 481000001]
 2005[01] (ib)[1411351, 1]
 2003[18] (iiBBB)[1411600, 116, 0, 1, 0]
 2005[04] (iB)[1411600, 1]
 2006[05] (ii)[1411600, 1]

11410100, 1
 1003[01] (BBBi)[3, 0, 2, 0]
 2004[05] (iB)[0, 0]
    ^(0 <- 0, 4)
 2004[04] (iB)[0, 0]
    ^(0 <- 0, 4)
 1000[04] (B)[0]
    4[00] (biB)[0, 0, 1]
    ^(4 <- 0, 4)
 1000[06] (Bbii)[0, 1, 0, 1410110]
    ^(4 <- 0, 4)
    4[03] (bib)[-7, 10000, 0]
    4[03] (bib)[-7, 10000, 8]
 1000[02] (BBb)[0, 0, -7]
 2003[36] (i)[33002000]

11410150, 1
 1003[02] (BBBi)[0, 1, 2, 0]
    4[00] (biB)[0, 0, 1]
    ^(4 <- 0, 4)
    4[03] (bib)[-1, 10000, 0]
    4[03] (bib)[-1, 10000, 8]
 1000[02] (BBb)[0, 0, -1]
 2003[36] (i)[0]
    ^(0 <- 4, 4)

800, 1
 1003[01] (BBBi)[3, 0, 2, 0]
 2004[37] (i)[0]
    ^(0 <- 0, 4)
 2004[05] (iB)[0, 0]
    ^(0 <- 0, 4)
 1000[04] (B)[0]
    4[00] (biB)[0, 0, 1]
    ^(4 <- 0, 4)
 1000[04] (B)[0]

11410600, 0
 1003[01] (BBBi)[4, 0, 2, 0]
 2005[07] (ii)[0, 0]
    ^(0 <- 0, 4)
 2005[06] (iiB)[0, -1, 0]
    ^(0 <- 0, 4)
 2005[04] (iB)[0, 1]
    ^(0 <- 0, 4)
 1000[04] (B)[0]
 2005[04] (iB)[0, 0]
    ^(0 <- 0, 4)
    5[02] (bi)[0, 0]
    ^(4 <- 4, 4)
 1001[01] (i)[10]
 2005[04] (iB)[0, 1]
    ^(0 <- 0, 4)

11410260, 0
 2000[02] (B)[0]
    3[08] (bBBB)[1, 1, 14, 1]
    3[02] (bBii)[1, 1, 10000, 1412510]
    1[00] (bf)[1, 3.0]
    0[00] (bBb)[0, 1, 1]
 2003[41] (iifi)[14, 1, -400.0, 3240]
 1000[04] (B)[1]

11410510, 0
    4[02] (bibf)[1, 0, 5, 0.8999999761581421]
    ^(4 <- 0, 4)
    4[02] (bibf)[1, 0, 2, 0.0]
    ^(4 <- 0, 4)
    4[01] (bii)[1, 0, 10000]
    ^(4 <- 0, 4)
    3[00] (bBBi)[2, 1, 0, 0]
    ^(4 <- 4, 4)
    3[00] (bBBi)[2, 1, 2, 0]
    3[00] (bBBi)[3, 1, 0, 0]
    ^(4 <- 4, 4)
    3[00] (bBBi)[3, 0, 2, 0]
    0[00] (bBb)[-1, 1, 1]
    0[00] (bBb)[-1, 1, 2]
    0[00] (bBb)[-1, 1, 3]
    0[00] (bBb)[0, 1, -1]
 1000[07] (BBb)[2, 0, 3]
 2004[05] (iB)[0, 0]
    ^(0 <- 0, 4)
    3[00] (bBBi)[0, 1, 0, 703]
 2003[02] (iB)[0, 1]
    ^(0 <- 4, 4)
 2004[44] (iB)[0, 9]
    ^(0 <- 0, 4)
 2000[05] (B)[0]

11410520, 0
 1003[01] (BBBi)[2, 0, 2, 0]
 2004[37] (i)[0]
    ^(0 <- 0, 4)
 1000[04] (B)[0]
    4[02] (bibf)[0, 0, 5, 0.0]
    ^(4 <- 0, 4)
 2003[22] (iiB)[0, 0, 0]
    ^(0 <- 4, 4)
    ^(4 <- 8, 4)
 2003[02] (iB)[0, 1]
    ^(0 <- 12, 4)

11410501, 0
    3[00] (bBBi)[-2, 1, 0, 1503]
    3[00] (bBBi)[-2, 1, 0, 1505]
    3[00] (bBBi)[-2, 1, 0, 1506]
    3[00] (bBBi)[-2, 1, 0, 1507]
    0[00] (bBb)[1, 1, -2]
    4[02] (bibf)[1, 0, 5, 0.8999999761581421]
    ^(4 <- 0, 4)
    4[02] (bibf)[1, 0, 2, 0.0]
    ^(4 <- 0, 4)
    4[01] (bii)[1, 0, 10000]
    ^(4 <- 0, 4)
    3[00] (bBBi)[2, 1, 0, 0]
    ^(4 <- 4, 4)
    3[00] (bBBi)[2, 1, 2, 0]
    3[00] (bBBi)[3, 1, 0, 0]
    ^(4 <- 4, 4)
    3[00] (bBBi)[3, 0, 2, 0]
    0[00] (bBb)[-1, 1, 1]
    0[00] (bBb)[-1, 1, 2]
    0[00] (bBb)[-1, 1, 3]
    0[00] (bBb)[0, 1, -1]
 1000[07] (BBb)[2, 0, 3]
 2004[05] (iB)[0, 0]
    ^(0 <- 0, 4)
    3[00] (bBBi)[0, 1, 0, 703]
 2003[02] (iB)[0, 1]
    ^(0 <- 4, 4)
 2004[44] (iB)[0, 9]
    ^(0 <- 0, 4)
 2000[05] (B)[0]

11410530, 0
    3[00] (bBBi)[1, 0, 0, 1004]
    3[00] (bBBi)[1, 1, 0, 1007]
    3[00] (bBBi)[1, 1, 0, 11410901]
    0[00] (bBb)[0, 1, 1]
 2003[22] (iiB)[0, 0, 0]
    ^(0 <- 4, 4)
    ^(4 <- 8, 4)
 2003[02] (iB)[0, 1]
    ^(0 <- 12, 4)
 2004[05] (iB)[0, 1]
    ^(0 <- 0, 4)

11410531, 0
    3[00] (bBBi)[1, 0, 0, 1004]
    3[00] (bBBi)[1, 1, 0, 1009]
    3[00] (bBBi)[1, 0, 0, 800]
    3[06] (bb)[1, 0]
    3[02] (bBii)[1, 1, 10000, 1412510]
    0[00] (bBb)[0, 1, 1]
 2003[22] (iiB)[0, 0, 0]
    ^(0 <- 4, 4)
    ^(4 <- 8, 4)
 2003[02] (iB)[0, 1]
    ^(0 <- 12, 4)
 2004[05] (iB)[0, 0]
    ^(0 <- 0, 4)
 2004[05] (iB)[6004, 1]
 2004[44] (iB)[6004, 9]
 2000[05] (B)[0]

11410532, 0
    3[00] (bBBi)[1, 0, 0, 1004]
    3[00] (bBBi)[1, 1, 0, 1009]
    3[00] (bBBi)[1, 1, 0, 800]
    3[06] (bb)[1, 0]
    3[02] (bBii)[1, 1, 10000, 1412510]
    0[00] (bBb)[0, 1, 1]
 2003[22] (iiB)[0, 0, 0]
    ^(0 <- 4, 4)
    ^(4 <- 8, 4)
 2003[02] (iB)[0, 1]
    ^(0 <- 12, 4)
 2004[40] (iBiii)[0, 1, 1412500, -1, 1413000]
    ^(0 <- 0, 4)
 2003[02] (iB)[11410580, 1]
    4[07] (biB)[0, 0, 1]
    ^(4 <- 0, 4)
 2004[13] (ii)[0, 1412500]
    ^(0 <- 0, 4)

11410533, 0
    3[00] (bBBi)[1, 0, 0, 1004]
    3[00] (bBBi)[1, 1, 0, 1003]
    3[00] (bBBi)[1, 1, 0, 11410595]
    4[00] (biB)[1, 0, 0]
    ^(4 <- 0, 4)
    3[00] (bBBi)[1, 0, 1, 0]
    3[06] (bb)[2, 0]
    3[00] (bBBi)[2, 0, 0, 1004]
    3[00] (bBBi)[2, 1, 0, 0]
    ^(4 <- 12, 4)
    3[00] (bBBi)[2, 1, 1, 0]
    0[00] (bBb)[-1, 1, 1]
    0[00] (bBb)[-1, 1, 2]
    0[00] (bBb)[0, 1, -1]
 1000[08] (BBb)[0, 1, 1]
 2003[22] (iiB)[0, 0, 0]
    ^(0 <- 4, 4)
    ^(4 <- 8, 4)
 2003[02] (iB)[0, 1]
    ^(0 <- 12, 4)
 2004[05] (iB)[0, 0]
    ^(0 <- 0, 4)

11410534, 0
    3[00] (bBBi)[1, 0, 0, 1004]
    3[00] (bBBi)[1, 1, 0, 1002]
    4[02] (bibf)[1, 0, 5, 0.0]
    ^(4 <- 0, 4)
    0[00] (bBb)[0, 1, 1]
 2003[22] (iiB)[0, 0, 0]
    ^(0 <- 4, 4)
    ^(4 <- 8, 4)
 2003[02] (iB)[0, 1]
    ^(0 <- 12, 4)

11410540, 0
    3[00] (bBBi)[1, 0, 0, 1512]
    3[00] (bBBi)[1, 1, 0, 1502]
    3[00] (bBBi)[1, 1, 0, 11400590]
    3[08] (bBBB)[1, 1, 14, 1]
    0[00] (bBb)[0, 1, 1]
 2003[22] (iiB)[0, 0, 0]
    ^(0 <- 4, 4)
    ^(4 <- 8, 4)
 2003[02] (iB)[0, 1]
    ^(0 <- 12, 4)
 2004[05] (iB)[0, 1]
    ^(0 <- 0, 4)
 2003[02] (iB)[814, 1]

11410541, 0
    3[00] (bBBi)[1, 0, 0, 1512]
    3[00] (bBBi)[1, 1, 0, 1503]
    4[00] (biB)[-1, 1410410, 0]
    4[00] (biB)[-1, 1410411, 0]
    4[00] (biB)[-1, 1410412, 0]
    4[00] (biB)[-1, 1410413, 0]
    0[00] (bBb)[1, 1, -1]
    3[00] (bBBi)[1, 1, 0, 11410590]
    3[00] (bBBi)[2, 0, 0, 1512]
    3[00] (bBBi)[2, 1, 0, 1504]
    3[00] (bBBi)[2, 1, 1, 0]
    0[00] (bBb)[-2, 1, 1]
    0[00] (bBb)[-2, 1, 2]
    0[00] (bBb)[0, 1, -2]
 2003[22] (iiB)[0, 0, 0]
    ^(0 <- 4, 4)
    ^(4 <- 8, 4)
 2003[02] (iB)[0, 1]
    ^(0 <- 12, 4)
 2004[09] (iiiiii)[0, -1, -1, -1, -1, -1]
    ^(0 <- 0, 4)
 2004[05] (iB)[0, 1]
    ^(0 <- 0, 4)
 2004[44] (iB)[0, 12]
    ^(0 <- 0, 4)
 2004[08] (ii)[0, 90111]
    ^(0 <- 0, 4)

11410542, 0
    3[00] (bBBi)[1, 0, 0, 1512]
    3[00] (bBBi)[1, 1, 0, 1503]
    4[00] (biB)[1, 1410410, 1]
    4[00] (biB)[1, 1410411, 1]
    4[00] (biB)[1, 1410412, 1]
    4[00] (biB)[1, 1410413, 1]
    4[00] (biB)[1, 0, 0]
    ^(4 <- 0, 4)
    0[00] (bBb)[0, 1, 1]
 2003[22] (iiB)[0, 0, 0]
    ^(0 <- 4, 4)
    ^(4 <- 8, 4)
 2003[02] (iB)[0, 1]
    ^(0 <- 12, 4)

11410543, 0
    3[00] (bBBi)[1, 0, 0, 1512]
    3[00] (bBBi)[1, 1, 0, 1504]
    4[02] (bibf)[1, 0, 3, 0.5]
    ^(4 <- 0, 4)
    4[02] (bibf)[1, 0, 2, 0.0]
    ^(4 <- 0, 4)
    4[00] (biB)[1, 1410410, 1]
    4[00] (biB)[1, 1410411, 1]
    4[00] (biB)[1, 1410412, 1]
    4[00] (biB)[1, 1410413, 1]
    0[00] (bBb)[0, 1, 1]
 2003[22] (iiB)[0, 0, 0]
    ^(0 <- 4, 4)
    ^(4 <- 8, 4)
 2003[02] (iB)[0, 1]
    ^(0 <- 12, 4)
 2004[13] (ii)[0, 1412360]
    ^(0 <- 0, 4)

11410544, 0
    3[00] (bBBi)[1, 0, 0, 1512]
    3[00] (bBBi)[1, 1, 0, 1504]
    4[02] (bibf)[1, 0, 4, 0.5]
    ^(4 <- 0, 4)
    4[00] (biB)[1, 1410410, 1]
    4[00] (biB)[1, 1410411, 1]
    4[00] (biB)[1, 1410412, 1]
    4[00] (biB)[1, 1410413, 1]
    0[00] (bBb)[0, 1, 1]
 2003[22] (iiB)[0, 0, 0]
    ^(0 <- 4, 4)
    ^(4 <- 8, 4)
 2003[02] (iB)[0, 1]
    ^(0 <- 12, 4)
 2004[13] (ii)[0, 1412360]
    ^(0 <- 0, 4)

11410545, 0
    3[00] (bBBi)[1, 0, 0, 1512]
    3[00] (bBBi)[1, 1, 0, 1506]
    3[00] (bBBi)[1, 1, 0, 11410591]
    3[00] (bBBi)[1, 0, 1, 0]
    3[00] (bBBi)[2, 0, 0, 1512]
    3[00] (bBBi)[2, 1, 0, 0]
    ^(4 <- 12, 4)
    3[00] (bBBi)[2, 1, 1, 0]
    0[00] (bBb)[-1, 1, 1]
    0[00] (bBb)[-1, 1, 2]
    0[00] (bBb)[0, 1, -1]
 2003[22] (iiB)[0, 0, 0]
    ^(0 <- 4, 4)
    ^(4 <- 8, 4)
 2003[02] (iB)[0, 1]
    ^(0 <- 12, 4)
 1000[07] (BBb)[3, 1, 2]
 2004[04] (iB)[0, 1]
    ^(0 <- 0, 4)
 2004[21] (ii)[0, 90111]
    ^(0 <- 0, 4)
 1000[04] (B)[0]
 2004[37] (i)[0]
    ^(0 <- 0, 4)

11410546, 0
 1003[01] (BBBi)[2, 0, 2, 0]
 2004[37] (i)[0]
    ^(0 <- 0, 4)
 1000[04] (B)[0]
    3[00] (bBBi)[1, 0, 0, 1506]
    3[00] (bBBi)[1, 0, 0, 1508]
    4[02] (bibf)[1, 0, 5, 0.0]
    ^(4 <- 0, 4)
    0[00] (bBb)[0, 1, 1]
 2003[22] (iiB)[0, 0, 0]
    ^(0 <- 4, 4)
    ^(4 <- 8, 4)
 2003[02] (iB)[0, 1]
    ^(0 <- 12, 4)

11410547, 0
 1003[02] (BBBi)[0, 1, 0, 1512]
 1003[01] (BBBi)[3, 0, 2, 0]
 1003[01] (BBBi)[1, 1, 0, 11410593]
 2004[09] (iiiiii)[0, -1, -1, -1, -1, -1]
    ^(0 <- 0, 4)
 1000[04] (B)[0]
    3[00] (bBBi)[-1, 1, 1, 0]
    3[00] (bBBi)[-1, 1, 0, 1503]
    0[00] (bBb)[0, 1, -1]
 1003[01] (BBBi)[1, 1, 1, 0]
    3[00] (bBBi)[0, 0, 0, 814]
 2004[09] (iiiiii)[0, -1, -1, 7856, -1, -1]
    ^(0 <- 0, 4)

11410548, 0
 1003[02] (BBBi)[0, 1, 0, 1512]
 1003[01] (BBBi)[2, 0, 2, 0]
 2004[09] (iiiiii)[0, 7855, -1, -1, -1, -1]
    ^(0 <- 0, 4)
 1000[04] (B)[0]
    3[00] (bBBi)[1, 0, 0, 1512]
    3[00] (bBBi)[1, 1, 0, 1507]
    3[00] (bBBi)[1, 1, 0, 11410593]
    3[00] (bBBi)[2, 1, 1, 0]
    0[00] (bBb)[-1, 1, 1]
    0[00] (bBb)[-1, 1, 2]
    0[00] (bBb)[0, 1, -1]
 2004[09] (iiiiii)[0, 7855, -1, -1, -1, -1]
    ^(0 <- 0, 4)

11410549, 0
    3[00] (bBBi)[1, 0, 0, 1512]
    3[00] (bBBi)[1, 1, 0, 1507]
    3[00] (bBBi)[1, 1, 0, 11410594]
 1003[01] (BBBi)[1, 1, 1, 0]
    4[07] (biB)[1, 0, 0]
    ^(4 <- 0, 4)
    0[00] (bBb)[0, 1, 1]
 2004[05] (iB)[0, 0]
    ^(0 <- 0, 4)

11410550, 0
    3[06] (bb)[1, 0]
    3[00] (bBBi)[1, 0, 0, 1512]
    3[00] (bBBi)[1, 1, 0, 1505]
    3[00] (bBBi)[1, 1, 0, 11410594]
 1003[01] (BBBi)[1, 1, 1, 0]
    4[07] (biB)[1, 0, 0]
    ^(4 <- 0, 4)
    0[00] (bBb)[0, 1, 1]
 2003[22] (iiB)[0, 0, 0]
    ^(0 <- 4, 4)
    ^(4 <- 8, 4)
 2003[02] (iB)[0, 1]
    ^(0 <- 12, 4)
 2004[05] (iB)[0, 0]
    ^(0 <- 0, 4)

11415030, 0
 1003[05] (Bb)[1, 1]
 2004[28] (ii)[6542, 4095]
 1003[01] (BBBi)[3, 1, 0, 11415033]
    3[06] (bb)[2, 1]
    3[00] (bBBi)[2, 1, 0, 11415031]
 1000[01] (BBb)[1, 1, 2]
 2004[05] (iB)[6542, 0]
 1003[02] (BBBi)[0, 1, 0, 10]
    3[06] (bb)[1, 0]
    4[03] (bib)[1, 10000, 0]
    3[00] (bBBi)[1, 0, 0, 1004]
    3[00] (bBBi)[1, 1, 0, 1007]
    4[07] (biB)[1, 6542, 1]
    3[03] (bBiif)[1, 1, 6542, 10000, 20.0]
    0[00] (bBb)[0, 1, 1]
 2003[25] (iiiii)[0, 6542, 1412000, 11415031, 11415033]

11415032, 0
 1003[02] (BBBi)[0, 1, 1, 0]
    3[00] (bBBi)[1, 1, 0, 11415031]
    3[00] (bBBi)[1, 1, 0, 11415383]
    0[00] (bBb)[0, 1, 1]
 2004[17] (iiB)[6542, 10, 0]
 2004[20] (i)[6542]
    3[02] (bBii)[0, 1, 6542, 1412898]
 2004[14] (ii)[6542, 1412897]
 2003[18] (iiBBB)[6542, 7410, 0, 0, 0]
 2004[17] (iiB)[6542, -1, 0]
 2004[20] (i)[6542]

11415035, 0
 2000[02] (B)[0]
 1003[06] (Bb)[0, 1]
 1003[02] (BBBi)[0, 1, 0, 11415036]
 1003[02] (BBBi)[0, 1, 0, 11410410]
    3[06] (bb)[1, 0]
    4[03] (bib)[1, 10000, 0]
    3[00] (bBBi)[1, 0, 0, 11410810]
 1003[01] (BBBi)[1, 1, 1, 0]
    3[02] (bBii)[1, 1, 10000, 1412010]
    0[00] (bBb)[0, 1, 1]
 2003[25] (iiiii)[1, 6560, 1412001, 11415036, 11415037]
 1001[00] (f)[20.0]
 1000[04] (B)[1]

11415038, 0
 2000[02] (B)[0]
 1003[06] (Bb)[0, 1]
 1003[02] (BBBi)[0, 1, 0, 11415039]
 1003[02] (BBBi)[0, 1, 0, 10]
    3[06] (bb)[1, 0]
    4[03] (bib)[1, 10000, 0]
    3[00] (bBBi)[1, 0, 0, 11410811]
 1003[01] (BBBi)[1, 1, 1, 0]
    3[02] (bBii)[1, 1, 10000, 1412520]
    0[00] (bBb)[0, 1, 1]
 2003[25] (iiiii)[1, 6561, 1412002, 11415039, 11415040]
 1001[00] (f)[20.0]
 1000[04] (B)[1]

11410810, 0
 1003[05] (Bb)[3, 0]
    3[00] (bBBi)[1, 1, 0, 0]
    ^(4 <- 4, 4)
    3[00] (bBBi)[1, 0, 0, 0]
    ^(4 <- 8, 4)
 1000[01] (BBb)[1, 1, 1]
 2004[05] (iB)[0, 0]
    ^(0 <- 0, 4)
 1003[02] (BBBi)[0, 1, 2, 0]
    4[00] (biB)[0, 0, 1]
    ^(4 <- 0, 4)
 1000[04] (B)[0]