0, 0
 2009[03] (iiffi)[11400992, 1401960, 2.0, 180.0, 10]
 2009[03] (iiffi)[11400984, 1401961, 2.0, 180.0, 0]
 2009[03] (iiffi)[11400976, 1401962, 2.0, 180.0, 0]
 2009[00] (iii)[11400010, 11400011, 1401140]
 2009[00] (iii)[11400012, 11400013, 1401141]
 2009[00] (iii)[11400014, 11400015, 1401142]
 2009[00] (iii)[11400016, 11400017, 1401143]
 2009[00] (iii)[11400018, 11400019, 1401144]
 2009[00] (iii)[11400020, 11400021, 1401145]
 2009[00] (iii)[11400022, 11400023, 1401146]
 2009[00] (iii)[11400024, 11400025, 1401147]
 2009[00] (iii)[11400026, 11400027, 1401148]
 2009[00] (iii)[11400028, 11400029, 1401149]
 2009[00] (iii)[11400030, 11400031, 1401150]
 2009[00] (iii)[11400032, 11400033, 1401151]
 2009[00] (iii)[11400034, 11400035, 1401152]
 2009[00] (iii)[11400036, 11400037, 1401153]
 2009[00] (iii)[11400038, 11400039, 1401154]
 2009[00] (iii)[11400040, 11400041, 1401155]
 2009[00] (iii)[11400042, 11400043, 1401156]
 2009[00] (iii)[11400044, 11400045, 1401157]
 2009[00] (iii)[11400046, 11400047, 1401158]
 2009[00] (iii)[11400048, 11400049, 1401159]
 2009[00] (iii)[11400050, 11400051, 1401160]
 2009[00] (iii)[11400052, 11400053, 1401161]
 2009[00] (iii)[11400054, 11400055, 1401162]
 2009[00] (iii)[11400056, 11400057, 1401163]
 2009[00] (iii)[11400058, 11400059, 1401164]
 2009[00] (iii)[11400060, 11400061, 1401165]
 2009[00] (iii)[11400062, 11400063, 1401166]
 2009[00] (iii)[11400064, 11400065, 1401167]
 2009[00] (iii)[11400066, 11400067, 1401168]
 2009[00] (iii)[11400068, 11400069, 1401169]
 2009[00] (iii)[11400070, 11400071, 1401170]
 1003[05] (Bb)[6, 1]
 2005[03] (iB)[1401994, 0]
 2006[01] (iB)[1401995, 0]
 2005[03] (iB)[1401996, 0]
 2006[01] (iB)[1401997, 0]
 2005[03] (iB)[1401998, 0]
 2006[01] (iB)[1401999, 0]
    3[00] (bBBi)[1, 1, 0, 11000810]
    3[00] (bBBi)[1, 1, 0, 11410810]
    3[00] (bBBi)[1, 1, 0, 11410811]
 1000[01] (BBb)[2, 1, 1]
 2005[03] (iB)[1401601, 0]
 1000[03] (B)[1]
 2005[04] (iB)[1401601, 1]
 2000[00] (iII|III)[1, 11400090, 1401702, 1401703, 1402602, 1402603]
 2000[00] (iII)[0, 11405090, 0]
 2000[00] (iII)[0, 11405091, 0]
 2000[00] (iII)[0, 11405092, 0]
 2000[00] (iII)[0, 11400900, 0]
 2000[00] (iII)[0, 11400800, 0]
 2000[00] (iII)[0, 11405000, 0]
 2000[00] (iII)[0, 11400200, 0]
 2000[00] (iII)[0, 11400210, 0]
 2000[00] (iII)[0, 11400220, 0]
 2000[00] (iII)[0, 11400230, 0]
 2000[00] (iII)[0, 140, 0]
 2010[03] (iB)[1403800, 0]
 1003[01] (BBBi)[6, 0, 0, 9]
 2000[00] (iII)[0, 11405392, 0]
 2005[03] (iB)[1401990, 0]
 2006[01] (iB)[1401991, 0]
 2005[03] (iB)[1401992, 0]
 2006[01] (iB)[1401993, 0]
 1000[03] (B)[7]
 2000[00] (iII)[0, 11405390, 0]
 2000[00] (iII)[0, 11405391, 0]
 2000[00] (iII)[0, 11405393, 0]
 2000[00] (iII)[0, 11405392, 0]
 2000[00] (iII)[0, 11400001, 0]
 2000[00] (iII)[0, 11405394, 0]
 2000[00] (iII)[0, 11405395, 0]
 2000[00] (iII|III)[0, 11405100, 1401000, 1402000, 1402001, 1402002]
 2000[00] (iII|IIIII)[0, 11405110, 1401002, 1402020, 1402021, 1402022, 1402023, 1402024]
 2000[00] (iII|IIIIII)[0, 11405350, 6160, 1400411, 1400412, 1400413, 1400414, 1400415, 1]
 2000[00] (iII|IIIIII)[3, 11405350, 1400402, 1400426, 1400427, 1400428, 1400429, 1400430, 0]
 2000[00] (iII|IIIIII)[4, 11405350, 1400403, 1400431, 1400432, 1400433, 1400434, 1400435, 0]
 2000[00] (iII|II)[0, 11400100, 11405340, 1402200, 1403000]
 2000[00] (iII|II)[1, 11400100, 11405341, 1402201, 1403001]
 2000[00] (iII|II)[2, 11400100, 11405342, 1402202, 1403002]
 2000[00] (iII|I)[0, 11405200, 1400450, 1401300]
 2000[00] (iII)[0, 11405250, 1400100]
 2000[00] (iII)[1, 11405250, 1400101]
 2000[00] (iII)[2, 11405250, 1400102]
 2000[00] (iII)[3, 11405250, 1400103]
 2000[00] (iII)[4, 11405250, 1400104]
 2000[00] (iII|I)[0, 11400850, 1400200, 25300200]
 2000[00] (iII|I)[1, 11400850, 1400201, 25300200]
 2000[00] (iII|I)[2, 11400850, 1400202, 25300200]
 2000[00] (iII|I)[3, 11400850, 1400203, 25300200]
 2000[00] (iII|I)[4, 11400850, 1400204, 25300200]
 2000[00] (iII|I)[5, 11400850, 1400205, 25300200]
 2000[00] (iII|I)[6, 11400850, 1400206, 25300200]
 2000[00] (iII|I)[7, 11400850, 1400207, 25300200]
 2000[00] (iII|I)[8, 11400850, 1400208, 25300200]
 2000[00] (iII|I)[0, 11400600, 1401650, 11400600]
 2000[00] (iII|I)[1, 11400600, 1401651, 11400601]
 2000[00] (iII|I)[2, 11400600, 1401652, 11400602]

50, 0
 2004[45] (ii)[6531, 8940]
 2004[45] (ii)[6530, 8940]
 2000[00] (iII)[0, 11405030, 0]
 2000[00] (iII)[0, 11405032, 0]
 2000[00] (iII)[0, 11405035, 0]
 2000[00] (iII)[0, 11400901, 0]
 1003[01] (BBBi)[1, 1, 0, 1257]
 2004[05] (iB)[6132, 0]
 2004[44] (iB)[6132, 9]
 2000[00] (iII|III)[0, 11400520, 6132, 1250, 1259, 1254]
 2000[00] (iII|III)[0, 11400530, 6132, 1250, 1259, 1257]
 1003[03] (BBBii)[1, 2, 0, 1270, 1279]
 2003[02] (iB)[1270, 1]
 2000[00] (iII|III)[1, 11400520, 1400700, 1270, 1279, 1272]
 1003[01] (BBBi)[2, 1, 0, 1280]
 2004[13] (ii)[6160, 1402300]
 2004[41] (iBii)[6160, 1, 1402300, -1]
 2000[00] (iII|III)[2, 11400520, 6160, 1280, 1289, 1284]
 2000[00] (iII|III)[0, 11400531, 6160, 1280, 1289, 1281]
 2000[00] (iII|III)[0, 11400532, 6160, 1280, 1289, 1286]
 2000[00] (iII|I)[0, 11400501, 6160, 1282]
 2000[00] (iII|I)[0, 11400502, 6160, 1283]
 2000[00] (iII|I)[0, 11400503, 6160, 1287]
 2000[00] (iII)[0, 11400533, 0]
 2004[45] (ii)[6170, 8398]
 1003[01] (BBBi)[2, 1, 0, 1296]
 1003[01] (BBBi)[1, 1, 0, 1290]
 1000[03] (B)[1]
 2004[05] (iB)[6170, 0]
 2000[00] (iII|I)[3, 11400510, 6170, 1294]
 2000[00] (iII|III)[3, 11400520, 6170, 1290, 1309, 1295]
 2000[00] (iII|III)[0, 11400536, 6170, 1290, 1309, 1291]
 2000[00] (iII|III)[0, 11400537, 6170, 1290, 1309, 1292]
 2000[00] (iII|III)[0, 11400538, 6170, 1290, 1309, 1293]
 2000[00] (iII|III)[0, 11400539, 6170, 1290, 1309, 1296]
 2004[45] (ii)[6282, 8446]
 1003[01] (BBBi)[3, 1, 0, 1512]
 1003[01] (BBBi)[2, 1, 0, 1502]
 1003[01] (BBBi)[1, 1, 0, 1501]
 2004[05] (iB)[6282, 0]
 2000[00] (iII|I)[4, 11400510, 6282, 1512]
 2000[00] (iII|III)[4, 11400520, 6282, 1490, 1514, 1513]
 2000[00] (iII|III)[0, 11400551, 6282, 1490, 1514, 1501]
 2000[00] (iII|III)[0, 11400552, 6282, 1490, 1514, 1502]
 2000[00] (iII)[0, 11400553, 0]
 2000[00] (iII)[0, 11400554, 6282]
 2004[45] (ii)[6311, 8470]
 2004[45] (ii)[6421, 8900]
 1003[05] (Bb)[1, 1]
 2003[02] (iB)[11405022, 0]
 1003[01] (BBBi)[8, 1, 0, 11405022]
    3[06] (bb)[1, 0]
    4[12] (bB)[1, 7]
    3[00] (bBBi)[1, 1, 0, 1601]
 1000[01] (BBb)[2, 1, 1]
 2004[05] (iB)[6311, 0]
 2004[05] (iB)[6421, 0]
 2000[00] (iII|III)[5, 11400520, 6311, 1600, 1619, 1604]
 2000[00] (iII|III)[6, 11400520, 6421, 1760, 1769, 1764]
 2000[00] (iII|II)[0, 11400504, 6311, 1603, 6421]
 2000[00] (iII|IIII)[0, 11400560, 6311, 1600, 1619, 1601, 6421]
 2000[00] (iII|I)[0, 11400566, 6311, 6421]
 2000[00] (iII|I)[0, 11400567, 6311, 6421]
 1000[01] (BBb)[2, 0, 1]
 1001[01] (i)[1]
 2003[02] (iB)[11405022, 1]
 2003[02] (iB)[1766, 0]

11400090, 0
 1003[01] (BBBi)[3, 0, 2, 0]
 2005[03] (iB)[0, 0]
    ^(0 <- 0, 4)
 2006[01] (iB)[0, 0]
    ^(0 <- 4, 4)
 1000[04] (B)[0]
    3[18] (biifhfiBii)[1, 1, 0, 0.0, 0, 0.0, 10010403, 48, 0, 0]
    ^(36 <- 0, 4)
    ^(8 <- 8, 4)
    3[18] (biifhfiBii)[2, 1, 0, 0.0, 0, 0.0, 10010407, 48, 0, 0]
    ^(36 <- 0, 4)
    ^(8 <- 12, 4)
    0[00] (bBb)[-1, 1, 1]
    0[00] (bBb)[-1, 1, 2]
    0[00] (bBb)[0, 1, -1]
 1000[07] (BBb)[2, 1, 2]
 2004[41] (iBii)[10000, 1, 0, -1]
    ^(8 <- 8, 4)
 1000[03] (B)[1]
 2004[41] (iBii)[10000, 1, 0, -1]
    ^(8 <- 12, 4)
 2003[18] (iiBBB)[10000, 7410, 0, 0, 0]
 2005[03] (iB)[0, 0]
    ^(0 <- 0, 4)
 2006[01] (iB)[0, 1]
    ^(0 <- 4, 4)

11405090, 1
 1003[02] (BBBi)[0, 1, 1, 0]
 2004[05] (iB)[1400900, 0]
 2004[05] (iB)[1400901, 0]
 2004[05] (iB)[1400902, 0]
 2004[05] (iB)[1400903, 0]
 2004[05] (iB)[1400904, 0]
 2004[05] (iB)[1400905, 0]
 2004[05] (iB)[1400906, 0]
 2004[05] (iB)[1400907, 0]
 2004[05] (iB)[1400908, 0]
 2004[05] (iB)[1400909, 0]
    3[00] (bBBi)[0, 1, 0, 11400080]
 1003[02] (BBBi)[0, 1, 0, 735]
 2003[02] (iB)[5000, 1]
 2004[05] (iB)[1400900, 1]
 2004[05] (iB)[1400901, 1]
 2004[05] (iB)[1400902, 1]
 2004[05] (iB)[1400903, 1]
 2004[05] (iB)[1400904, 1]
 2004[05] (iB)[1400905, 1]
 2004[05] (iB)[1400906, 1]
 2004[05] (iB)[1400907, 1]
 2004[05] (iB)[1400908, 1]
 2004[05] (iB)[1400909, 1]

11405091, 1
    3[00] (bBBi)[-1, 1, 0, 11405095]
    3[00] (bBBi)[-1, 1, 0, 735]
    0[00] (bBb)[0, 1, -1]
 1003[01] (BBBi)[1, 0, 0, 735]
 2003[02] (iB)[735, 0]
 2003[02] (iB)[11400080, 0]
 2003[02] (iB)[11405095, 0]
 2003[02] (iB)[5001, 1]
 2004[04] (iB)[1400900, 0]
 2004[04] (iB)[1400901, 0]
 2004[04] (iB)[1400902, 0]
 2004[04] (iB)[1400903, 0]
 2004[04] (iB)[1400904, 0]
 2004[04] (iB)[1400905, 0]
 2004[04] (iB)[1400906, 0]
 2004[04] (iB)[1400907, 0]
 2004[04] (iB)[1400908, 0]
 2004[04] (iB)[1400909, 0]

11405092, 1
 1003[06] (Bb)[0, 1]
    3[11] (bBBB)[1, 1, 2, 50]
    3[08] (bBBB)[1, 1, 14, 0]
    0[00] (bBb)[-1, 1, 1]
    3[00] (bBBi)[-1, 1, 0, 11400080]
    0[00] (bBb)[0, 1, -1]
 1001[01] (i)[1]
    3[11] (bBBB)[2, 1, 2, 50]
    3[08] (bBBB)[2, 1, 14, 0]
    0[00] (bBb)[-2, 1, 2]
    3[00] (bBBi)[-2, 1, 0, 11400080]
 1000[02] (BBb)[1, 0, -2]
 1001[01] (i)[1]
    3[11] (bBBB)[3, 1, 2, 50]
    3[08] (bBBB)[3, 1, 14, 0]
    0[00] (bBb)[-3, 1, 3]
    3[00] (bBBi)[-3, 1, 0, 11400080]
 1000[02] (BBb)[1, 0, -3]
 1001[01] (i)[1]
    3[11] (bBBB)[4, 1, 2, 50]
    3[08] (bBBB)[4, 1, 14, 0]
    0[00] (bBb)[-4, 1, 4]
    3[00] (bBBi)[-4, 1, 0, 11400080]
 1000[02] (BBb)[1, 0, -4]
 1001[01] (i)[1]
    3[11] (bBBB)[5, 1, 2, 50]
    3[08] (bBBB)[5, 1, 14, 0]
    0[00] (bBb)[-5, 1, 5]
    3[00] (bBBi)[-5, 1, 0, 11400080]
 1000[02] (BBb)[1, 0, -5]
 1001[01] (i)[1]
    3[11] (bBBB)[6, 1, 2, 50]
    3[08] (bBBB)[6, 1, 14, 0]
    0[00] (bBb)[-6, 1, 6]
    3[00] (bBBi)[-6, 1, 0, 11400080]
 1000[02] (BBb)[1, 0, -6]
 2003[02] (iB)[11400080, 1]
 1001[00] (f)[600.0]
    3[11] (bBBB)[7, 1, 5, 50]
    3[08] (bBBB)[7, 1, 14, 0]
 1000[02] (BBb)[1, 0, 7]
 2003[02] (iB)[11400080, 0]
 2003[02] (iB)[11405095, 1]

11405390, 0
    3[00] (bBBi)[1, 0, 0, 9]
    3[19] (biifhfiBii)[1, 1, 1402998, 0.0, -1, 0.0, 10010403, 48, 0, 1401990]
    0[00] (bBb)[0, 1, 1]
 2004[14] (ii)[10000, 1402997]
 2003[18] (iiBBB)[10000, 7410, 0, 0, 0]
 1000[04] (B)[1]

11405391, 0
    3[00] (bBBi)[1, 0, 0, 9]
    3[00] (bBBi)[1, 1, 0, 11405393]
    4[03] (bib)[1, 10000, 1]
    3[18] (biifhfiBii)[1, 1, 1402998, 0.0, -1, 0.0, 10010403, 255, 0, 1401990]
    0[00] (bBb)[0, 1, 1]
 2004[14] (ii)[10000, 1402997]
 2003[18] (iiBBB)[10000, 7410, 0, 0, 0]
 1000[04] (B)[1]

11405393, 0
 1003[01] (BBBi)[3, 1, 1, 0]
    3[00] (bBBi)[1, 0, 0, 9]
    3[02] (bBii)[1, 1, 10000, 1402996]
    0[00] (bBb)[0, 1, 1]
 1003[05] (Bb)[1, 1]
 2009[06] (B)[0]
 2009[04] (i)[1400800]

11405392, 1
 1003[01] (BBBi)[3, 0, 0, 9]
 2004[29] (iB)[1400800, 1]
 2004[04] (iB)[1400800, 0]
 1000[04] (B)[0]
 2000[00] (iII)[0, 11405396, 0]
 2000[00] (iII)[0, 11405397, 0]
 1003[01] (BBBi)[1, 1, 0, 11400000]
 2004[05] (iB)[1400800, 0]
 2004[01] (iB)[1400800, 0]
    3[00] (bBBi)[1, 1, 0, 11405393]
    3[02] (bBii)[1, 1, 10000, 1402996]
    0[00] (bBb)[0, 1, 1]
 1003[01] (BBBi)[11, 1, 0, 11400000]
 2006[01] (iB)[1401991, 0]
 2006[01] (iB)[1401993, 0]
 1003[05] (Bb)[2, 2]
 2002[03] (iIi)[140000, 0, 10000]
 1000[03] (B)[1]
 2002[03] (iIi)[140000, 2, 10000]
 1001[01] (i)[1]
 2006[02] (i)[1401991]
 2006[02] (i)[1401993]
 2004[05] (iB)[1400800, 1]
 2003[02] (iB)[11400000, 1]
 2004[01] (iB)[1400800, 1]
 2003[11] (bihh)[1, 1400800, 0, 5280]

11400001, 0
    4[00] (biB)[0, 1400800, 1]
 2003[02] (iB)[9, 1]
 2003[12] (i)[1400800]
 2005[03] (iB)[1401990, 0]
 2006[01] (iB)[1401991, 1]
 2005[03] (iB)[1401992, 0]
 2006[01] (iB)[1401993, 1]
 2000[02] (B)[0]
 1001[00] (f)[3.0]
 2004[29] (iB)[1400800, 1]

11405394, 0
 2000[02] (B)[0]
    3[00] (bBBi)[1, 0, 0, 9]
    3[00] (bBBi)[1, 1, 0, 11405392]
 1003[05] (Bb)[1, 0]
    3[00] (bBBi)[1, 1, 0, 11405391]
    3[02] (bBii)[1, 1, 10000, 1402990]
    0[00] (bBb)[0, 1, 1]
 2010[03] (iB)[1403800, 1]

11405395, 0
 2000[02] (B)[0]
    3[00] (bBBi)[1, 1, 0, 9]
    3[00] (bBBi)[1, 1, 0, 11405394]
    0[00] (bBb)[0, 1, 1]
 2010[03] (iB)[1403800, 0]

11405396, 2
    4[00] (biB)[1, 1400800, 0]
 1000[01] (BBb)[1, 1, 1]
 1000[04] (B)[0]
    4[07] (biB)[0, 1400800, 1]
 2004[22] (ihhiffBB)[1400800, 5281, 2, 300, 1.0, 1.0, 0, 0]
 2004[24] (iiii)[1400800, 5281, 75, 75]
    4[06] (biiib)[2, 1400800, 5281, 0, 5]
    4[02] (bibf)[3, 1400800, 5, 0.0]
    0[00] (bBb)[-1, 1, 2]
    0[00] (bBb)[-1, 1, 3]
    0[00] (bBb)[0, 1, -1]
 1000[08] (BBb)[0, 1, 3]
 2003[18] (iiBBB)[1400800, 3011, 0, 1, 0]
 1000[04] (B)[1]

11405397, 2
    4[00] (biB)[1, 1400800, 0]
 1000[01] (BBb)[1, 1, 1]
 1000[04] (B)[0]
    4[07] (biB)[0, 1400800, 1]
 2004[22] (ihhiffBB)[1400800, 5280, 1, 1, 1.0, 1.0, 0, 0]
 2004[24] (iiii)[1400800, 5280, 60, 60]
    4[06] (biiib)[2, 1400800, 5280, 0, 5]
    4[02] (bibf)[3, 1400800, 5, 0.0]
    0[00] (bBb)[-1, 1, 2]
    0[00] (bBb)[-1, 1, 3]
    0[00] (bBb)[0, 1, -1]
 1000[08] (BBb)[0, 1, 3]
 2003[18] (iiBBB)[1400800, 2007, 0, 1, 0]
 1000[04] (B)[1]

11400800, 1
 1003[01] (BBBi)[5, 0, 1, 0]
 2004[05] (iB)[1400700, 0]
 2010[03] (iB)[1403801, 0]
 2011[01] (iB)[1403100, 0]
 2011[01] (iB)[1403101, 0]
 1000[04] (B)[0]
    4[00] (biB)[0, 1400700, 1]
 2003[02] (iB)[140, 1]
 2010[03] (iB)[1403801, 0]
 2011[01] (iB)[1403100, 0]
 2011[01] (iB)[1403101, 0]
    4[03] (bib)[-1, 10000, 0]
    4[03] (bib)[-1, 10000, 8]
    0[00] (bBb)[1, 1, -1]
    4[12] (bB)[1, 9]
 1000[02] (BBb)[0, 0, 1]
 2004[38] (B)[0]
 2004[46] (B)[0]
 2003[02] (iB)[742, 1]
 2000[05] (B)[0]

11405000, 0
 1003[01] (BBBi)[2, 0, 1, 0]
 2004[08] (ii)[1400700, 5401]
 1000[04] (B)[0]
    4[02] (bibf)[0, 1400700, 1, 1.0]
 2004[08] (ii)[1400700, 5401]

11400900, 1
 1003[01] (BBBi)[2, 0, 0, 11400902]
 2004[05] (iB)[1400000, 0]
 1000[04] (B)[0]
    4[00] (biB)[1, 1400000, 0]
 1000[01] (BBb)[2, 1, 1]
 2003[02] (iB)[11400902, 1]
 1000[04] (B)[0]
 2000[02] (B)[0]
    4[02] (bibf)[0, 1400000, 5, 0.0]
 2000[02] (B)[1]
 2004[06] (iiB)[1400000, 1200, 0]
 1000[04] (B)[1]

11405100, 0
    3[02] (bBii)[-1, 1, 10000, 0]
    ^(8 <- 4, 4)
    3[02] (bBii)[-1, 1, 10000, 0]
    ^(8 <- 8, 4)
    3[02] (bBii)[-1, 1, 10000, 0]
    ^(8 <- 12, 4)
    0[00] (bBb)[0, 1, -1]
 2003[18] (iiBBB)[0, 1, 0, 1, 0]
    ^(0 <- 0, 4)
 2000[02] (B)[0]
    3[02] (bBii)[1, 0, 10000, 0]
    ^(8 <- 4, 4)
    3[02] (bBii)[1, 0, 10000, 0]
    ^(8 <- 8, 4)
    3[02] (bBii)[1, 0, 10000, 0]
    ^(8 <- 12, 4)
    0[00] (bBb)[0, 1, 1]
 2000[02] (B)[1]
 1000[04] (B)[1]

11405110, 0
    3[02] (bBii)[-1, 1, 10000, 0]
    ^(8 <- 4, 4)
    3[02] (bBii)[-1, 1, 10000, 0]
    ^(8 <- 8, 4)
    3[02] (bBii)[-1, 1, 10000, 0]
    ^(8 <- 12, 4)
    3[02] (bBii)[-1, 1, 10000, 0]
    ^(8 <- 16, 4)
    3[02] (bBii)[-1, 1, 10000, 0]
    ^(8 <- 20, 4)
    0[00] (bBb)[0, 1, -1]
 2003[18] (iiBBB)[0, 1, 0, 1, 0]
    ^(0 <- 0, 4)
 2000[02] (B)[0]
    3[02] (bBii)[1, 0, 10000, 0]
    ^(8 <- 4, 4)
    3[02] (bBii)[1, 0, 10000, 0]
    ^(8 <- 8, 4)
    3[02] (bBii)[1, 0, 10000, 0]
    ^(8 <- 12, 4)
    3[02] (bBii)[1, 0, 10000, 0]
    ^(8 <- 16, 4)
    3[02] (bBii)[1, 0, 10000, 0]
    ^(8 <- 20, 4)
    0[00] (bBb)[0, 1, 1]
 2000[02] (B)[1]
 1000[04] (B)[1]

11405250, 1
    4[00] (biB)[1, 0, 1]
    ^(4 <- 0, 4)
 1000[02] (BBb)[0, 1, 1]
    4[07] (biB)[0, 0, 1]
    ^(4 <- 0, 4)
 2004[22] (ihhiffBB)[0, 2811, 2, 100, 0.0, 0.0, 1, 0]
    ^(0 <- 0, 4)
 2004[25] (iif)[0, 2811, 0.0]
    ^(0 <- 0, 4)
 2004[24] (iiii)[0, 2811, 1, 1]
    ^(0 <- 0, 4)
    4[02] (bibf)[0, 0, 5, 0.0]
    ^(4 <- 0, 4)
 2004[23] (iiiB)[0, 2811, 0, 0]
    ^(0 <- 0, 4)

11405300, 1
 2000[00] (iII|III)[0, 11405301, 1400500, 215613441, 3290, 11405301]
 2000[00] (iII|II)[0, 11405310, 1400500, 11405301, 256]
 2000[00] (iII|II)[1, 11405310, 1400500, 11405301, 770]
 2000[00] (iII|IIII)[0, 11405320, 1400500, 11405301, 1401500, 1401501, 8061048]
 2000[00] (iII|IIII)[1, 11405320, 1400500, 11405301, 1401502, 1401503, 8454270]
 2000[00] (iII|IIIII)[0, 11405330, 1400500, 11405301, 1400600, 1400601, 120, 123]
 2000[00] (iII|IIIII)[1, 11405330, 1400500, 11405301, 1400602, 1400603, 126, 129]
 2000[00] (iII|III)[1, 11405301, 1400500, 215678978, 3291, 11405302]
 2000[00] (iII|II)[2, 11405310, 1400500, 11405302, 2821]
 2000[00] (iII|IIII)[2, 11405320, 1400500, 11405302, 1401504, 1401505, 8978567]
 2000[00] (iII|IIIII)[2, 11405330, 1400500, 11405302, 1400604, 1400605, 135, 137]
 2000[00] (iII|IIIII)[3, 11405330, 1400500, 11405302, 1400606, 1400607, 153, 155]
 2000[00] (iII|III)[2, 11405301, 1400500, 215744515, 3292, 11405303]
 2000[00] (iII|II)[3, 11405310, 1400500, 11405303, 1798]
 2000[00] (iII|II)[4, 11405310, 1400500, 11405303, 2568]
 2000[00] (iII|IIII)[3, 11405320, 1400500, 11405303, 1401506, 1401507, 9240714]
 2000[00] (iII|IIII)[4, 11405320, 1400500, 11405303, 1401508, 1401509, 9830544]
 2000[00] (iII|IIIII)[4, 11405330, 1400500, 11405303, 1400608, 1400609, 138, 141]
 2000[00] (iII|IIIII)[5, 11405330, 1400500, 11405303, 1400610, 1400611, 144, 150]
 2000[00] (iII|III)[3, 11405301, 1400500, 215810052, 3293, 11405304]
 2000[00] (iII|II)[5, 11405310, 1400500, 11405304, 2308]
 2000[00] (iII|IIII)[5, 11405320, 1400500, 11405304, 1401510, 1401511, 8781956]
 2000[00] (iII|IIIII)[6, 11405330, 1400500, 11405304, 1400612, 1400613, 132, 134]
 2000[00] (iII|IIIII)[7, 11405330, 1400500, 11405304, 1400614, 1400615, 150, 152]

11405301, 2
 1003[02] (BBBi)[0, 1, 2, 0]
    4[07] (biB)[0, 0, 1]
    ^(4 <- 0, 4)
 2004[22] (ihhiffBB)[0, 0, 0, 100, 1.0, 1.0, 0, 0]
    ^(0 <- 0, 4)
    ^(6 <- 4, 2)
    ^(4 <- 6, 2)
    4[06] (biiib)[1, 0, 0, 0, 5]
    ^(4 <- 0, 4)
    ^(8 <- 8, 4)
    4[00] (biB)[2, 0, 1]
    ^(4 <- 0, 4)
    0[00] (bBb)[-1, 1, 1]
    0[00] (bBb)[-1, 1, 2]
    0[00] (bBb)[0, 1, -1]
 1000[08] (BBb)[0, 1, 2]
 2003[22] (iiB)[11405290, 11405291, 0]
 1003[05] (Bb)[1, 1]
 2003[17] (IIB)[11405290, 11405291, 1]
    3[00] (bBBi)[3, 1, 0, 11405290]
    3[00] (bBBi)[4, 1, 0, 11405291]
    0[00] (bBb)[-2, 1, 3]
    0[00] (bBb)[-2, 1, 4]
    0[00] (bBb)[0, 1, -2]
 1000[07] (BBb)[2, 1, 4]
 2003[02] (iB)[11405290, 1]
 1000[03] (B)[1]
 2003[02] (iB)[11405291, 1]
 2003[02] (iB)[0, 1]
    ^(0 <- 12, 4)
 1003[01] (BBBi)[1, 0, 0, 11405301]
 2003[18] (iiBBB)[0, 8000, 0, 0, 0]
    ^(0 <- 0, 4)
 1003[01] (BBBi)[1, 0, 0, 11405302]
 2003[18] (iiBBB)[0, 8010, 0, 0, 0]
    ^(0 <- 0, 4)

11405310, 2
 1003[01] (BBBi)[6, 1, 0, 0]
    ^(4 <- 4, 4)
    3[00] (bBBi)[1, 1, 0, 0]
    ^(4 <- 4, 4)
    4[00] (biB)[2, 0, 1]
    ^(4 <- 0, 4)
    0[00] (bBb)[-1, 1, 1]
    0[00] (bBb)[-1, 1, 2]
    0[00] (bBb)[0, 1, -1]
 1000[08] (BBb)[0, 1, 2]
 2004[26] (iBB)[0, 0, 0]
    ^(0 <- 0, 4)
    ^(4 <- 8, 1)
 2004[26] (iBB)[0, 0, 0]
    ^(0 <- 0, 4)
    ^(4 <- 9, 1)

11405320, 2
 2005[03] (iB)[0, 0]
    ^(0 <- 8, 4)
 2005[03] (iB)[0, 0]
    ^(0 <- 12, 4)
 1003[02] (BBBi)[0, 1, 0, 0]
    ^(4 <- 4, 4)
    3[00] (bBBi)[1, 1, 0, 0]
    ^(4 <- 4, 4)
    4[00] (biB)[2, 0, 1]
    ^(4 <- 0, 4)
    0[00] (bBb)[-1, 1, 1]
    0[00] (bBb)[-1, 1, 2]
    0[00] (bBb)[0, 1, -1]
 1000[08] (BBb)[0, 1, 2]
 2005[03] (iB)[0, 1]
    ^(0 <- 8, 4)
 2005[03] (iB)[0, 1]
    ^(0 <- 12, 4)
 2005[11] (iih)[0, -1, -1]
    ^(4 <- 0, 4)
    ^(0 <- 8, 4)
    ^(8 <- 16, 2)
 2005[11] (iih)[0, -1, -1]
    ^(4 <- 0, 4)
    ^(0 <- 12, 4)
    ^(8 <- 18, 2)
 2005[01] (ib)[0, 1]
    ^(0 <- 8, 4)
 2005[01] (ib)[0, 1]
    ^(0 <- 12, 4)

11405330, 2
 1003[02] (BBBi)[0, 1, 0, 0]
    ^(4 <- 4, 4)
 2004[05] (iB)[0, 0]
    ^(0 <- 8, 4)
 2004[05] (iB)[0, 0]
    ^(0 <- 12, 4)
    3[00] (bBBi)[1, 1, 0, 0]
    ^(4 <- 4, 4)
    4[00] (biB)[2, 0, 1]
    ^(4 <- 0, 4)
    0[00] (bBb)[-1, 1, 1]
    0[00] (bBb)[-1, 1, 2]
    0[00] (bBb)[0, 1, -1]
 1000[08] (BBb)[0, 1, 2]
 2004[43] (iB)[0, 0]
    ^(0 <- 0, 4)
 2004[42] (iBiii)[0, 2, 0, -1, 0]
    ^(8 <- 0, 4)
    ^(16 <- 0, 4)
    ^(0 <- 8, 4)
    ^(12 <- 16, 4)
 2004[42] (iBiii)[0, 2, 0, -1, 0]
    ^(8 <- 0, 4)
    ^(16 <- 0, 4)
    ^(0 <- 12, 4)
    ^(12 <- 20, 4)
 2004[05] (iB)[0, 1]
    ^(0 <- 8, 4)
 2004[05] (iB)[0, 1]
    ^(0 <- 12, 4)
 2003[18] (iiBBB)[0, 7000, 0, 0, 0]
    ^(0 <- 8, 4)
 2003[18] (iiBBB)[0, 7000, 0, 0, 0]
    ^(0 <- 12, 4)

11405350, 1
 1000[05] (Bbii)[1, 0, 0, 0]
    ^(4 <- 24, 4)
 1003[01] (BBBi)[1, 1, 0, 11400533]
 1003[01] (BBBi)[2, 0, 2, 0]
 2004[26] (iBB)[0, 2, 0]
    ^(0 <- 0, 4)
 1000[04] (B)[0]
 2004[05] (iB)[0, 0]
    ^(0 <- 4, 4)
 2004[05] (iB)[0, 0]
    ^(0 <- 8, 4)
 2004[05] (iB)[0, 0]
    ^(0 <- 12, 4)
 2004[05] (iB)[0, 0]
    ^(0 <- 16, 4)
 2004[05] (iB)[0, 0]
    ^(0 <- 20, 4)
    4[00] (biB)[0, 0, 1]
    ^(4 <- 0, 4)
 2004[26] (iBB)[0, 2, 0]
    ^(0 <- 0, 4)
 2004[42] (iBiii)[0, 2, 0, 100, 0]
    ^(8 <- 0, 4)
    ^(16 <- 0, 4)
    ^(0 <- 4, 4)
 2004[42] (iBiii)[0, 2, 0, 101, 0]
    ^(8 <- 0, 4)
    ^(16 <- 0, 4)
    ^(0 <- 8, 4)
 2004[42] (iBiii)[0, 2, 0, 102, 0]
    ^(8 <- 0, 4)
    ^(16 <- 0, 4)
    ^(0 <- 12, 4)
 2004[42] (iBiii)[0, 2, 0, 103, 0]
    ^(8 <- 0, 4)
    ^(16 <- 0, 4)
    ^(0 <- 16, 4)
 2004[42] (iBiii)[0, 2, 0, 104, 0]
    ^(8 <- 0, 4)
    ^(16 <- 0, 4)
    ^(0 <- 20, 4)
 2004[05] (iB)[0, 1]
    ^(0 <- 4, 4)
 2004[05] (iB)[0, 1]
    ^(0 <- 8, 4)
 2004[05] (iB)[0, 1]
    ^(0 <- 12, 4)
 2004[05] (iB)[0, 1]
    ^(0 <- 16, 4)
 2004[05] (iB)[0, 1]
    ^(0 <- 20, 4)
 2003[18] (iiBBB)[0, 7000, 0, 0, 0]
    ^(0 <- 4, 4)
 2003[18] (iiBBB)[0, 7000, 0, 0, 0]
    ^(0 <- 8, 4)
 2003[18] (iiBBB)[0, 7000, 0, 0, 0]
    ^(0 <- 12, 4)
 2003[18] (iiBBB)[0, 7000, 0, 0, 0]
    ^(0 <- 16, 4)
 2003[18] (iiBBB)[0, 7000, 0, 0, 0]
    ^(0 <- 20, 4)

11400100, 0
 1003[01] (BBBi)[1, 1, 0, 0]
    ^(4 <- 0, 4)
    3[02] (bBii)[0, 1, 10000, 0]
    ^(8 <- 4, 4)
 2003[02] (iB)[0, 1]
    ^(0 <- 0, 4)
 2003[03] (iB)[0, 0]
    ^(0 <- 8, 4)
    3[07] (bBi)[0, 0, 0]
    ^(4 <- 4, 4)
 2003[02] (iB)[0, 0]
    ^(0 <- 0, 4)
 2003[03] (iB)[0, 1]
    ^(0 <- 8, 4)
 1000[04] (B)[1]

11400850, 1
 1003[01] (BBBi)[3, 0, 2, 0]
 2004[05] (iB)[0, 0]
    ^(0 <- 0, 4)
 2004[04] (iB)[0, 0]
    ^(0 <- 0, 4)
 1000[04] (B)[0]
    4[00] (biB)[0, 0, 1]
    ^(4 <- 0, 4)
 1000[06] (Bbii)[0, 0, 0, 0]
    ^(4 <- 4, 4)
    4[03] (bib)[-7, 10000, 0]
    4[03] (bib)[-7, 10000, 8]
 1000[02] (BBb)[0, 0, -7]
 2003[36] (i)[0]
    ^(0 <- 4, 4)

11400600, 0
 1003[01] (BBBi)[4, 0, 2, 0]
 2005[07] (ii)[0, 0]
    ^(0 <- 0, 4)
 2005[06] (iiB)[0, -1, 0]
    ^(0 <- 0, 4)
 2005[04] (iB)[0, 1]
    ^(0 <- 0, 4)
 1000[04] (B)[0]
 2005[04] (iB)[0, 0]
    ^(0 <- 0, 4)
    5[02] (bi)[0, 0]
    ^(4 <- 4, 4)
 1001[01] (i)[10]
 2005[04] (iB)[0, 1]
    ^(0 <- 0, 4)

11400200, 0
 1003[01] (BBBi)[2, 0, 1, 0]
 2005[06] (iiB)[1401110, -1, 0]
 1000[04] (B)[0]
    5[02] (bi)[0, 11400201]
    4[02] (bibf)[0, 10000, 2, 0.0]
 2004[29] (iB)[1400800, 1]
 2004[29] (iB)[1400700, 1]
 1001[01] (i)[1]
 1003[01] (BBBi)[2, 1, 0, 11010700]
 2002[03] (iIi)[140010, 0, 10000]
 1000[03] (B)[2]
 2002[03] (iIi)[140015, 0, 10000]
 2003[02] (iB)[11500200, 1]
 1001[01] (i)[1]
 1003[01] (BBBi)[1, 1, 0, 9]
 2004[29] (iB)[1400800, 0]
 2004[29] (iB)[1400700, 0]
 2003[02] (iB)[11400200, 1]
 2003[28] (i)[30]
 2003[36] (i)[9030]

11400210, 0
 1003[01] (BBBi)[2, 0, 1, 0]
 2005[03] (iB)[1401200, 0]
 1000[04] (B)[0]
    5[00] (bBi)[0, 1, 1401200]
 2003[02] (iB)[11400210, 1]

11400220, 0
 2000[02] (B)[0]
    3[02] (bBii)[0, 1, 10000, 1402400]
 2004[08] (ii)[10000, 4140]
 1000[04] (B)[1]

11400230, 0
 2000[02] (B)[0]
 1003[01] (BBBi)[2, 0, 0, 590]
 2005[07] (ii)[1001200, 1]
 1000[04] (B)[0]
    3[06] (bb)[1, 3]
    3[00] (bBBi)[1, 0, 0, 590]
    3[05] (biifhfiBi)[1, 0, 1001200, 60.0, 101, 1.5, 10010400, 255, 0]
    0[00] (bBb)[0, 1, 1]
 2007[01] (ihhif)[10010161, 1, 6, 1001200, 3.0]
 1000[04] (B)[1]

11405200, 1
 1003[01] (BBBi)[2, 0, 2, 0]
 2004[09] (iiiiii)[0, -1, -1, -1, -1, -1]
    ^(0 <- 0, 4)
 1000[04] (B)[0]
 2005[02] (i)[0]
    ^(0 <- 4, 4)
 2004[31] (iB)[0, 1]
    ^(0 <- 0, 4)
 2004[10] (iB)[0, 0]
    ^(0 <- 0, 4)
 2004[41] (iBii)[0, 0, 0, 100]
    ^(0 <- 0, 4)
    ^(8 <- 4, 4)
    4[01] (bii)[-1, 0, 10000]
    ^(4 <- 0, 4)
    5[00] (bBi)[-1, 1, 0]
    ^(4 <- 4, 4)
    0[00] (bBb)[0, 1, -1]
 2004[09] (iiiiii)[0, -1, -1, -1, -1, -1]
    ^(0 <- 0, 4)
 2004[31] (iB)[0, 0]
    ^(0 <- 0, 4)
 2004[10] (iB)[0, 1]
    ^(0 <- 0, 4)

11400510, 0
    4[02] (bibf)[1, 0, 5, 0.8999999761581421]
    ^(4 <- 0, 4)
    4[02] (bibf)[1, 0, 2, 0.0]
    ^(4 <- 0, 4)
    4[01] (bii)[1, 0, 10000]
    ^(4 <- 0, 4)
    3[00] (bBBi)[2, 1, 0, 0]
    ^(4 <- 4, 4)
    3[00] (bBBi)[2, 1, 2, 0]
    3[00] (bBBi)[3, 1, 0, 0]
    ^(4 <- 4, 4)
    3[00] (bBBi)[3, 0, 2, 0]
    0[00] (bBb)[-1, 1, 1]
    0[00] (bBb)[-1, 1, 2]
    0[00] (bBb)[-1, 1, 3]
    0[00] (bBb)[0, 1, -1]
 1000[07] (BBb)[2, 0, 3]
 2004[05] (iB)[0, 0]
    ^(0 <- 0, 4)
    3[00] (bBBi)[0, 1, 0, 703]
 2003[02] (iB)[0, 1]
    ^(0 <- 4, 4)
 2004[44] (iB)[0, 9]
    ^(0 <- 0, 4)
 2000[05] (B)[0]

11400520, 0
 1003[01] (BBBi)[2, 0, 2, 0]
 2004[37] (i)[0]
    ^(0 <- 0, 4)
 1000[04] (B)[0]
    4[02] (bibf)[0, 0, 5, 0.0]
    ^(4 <- 0, 4)
 2003[22] (iiB)[0, 0, 0]
    ^(0 <- 4, 4)
    ^(4 <- 8, 4)
 2003[02] (iB)[0, 1]
    ^(0 <- 12, 4)

11400501, 0
    3[00] (bBBi)[1, 0, 0, 1282]
    3[00] (bBBi)[1, 0, 0, 1283]
    3[00] (bBBi)[1, 0, 0, 1284]
    3[00] (bBBi)[1, 0, 0, 1287]
    3[00] (bBBi)[1, 1, 0, 1272]
    3[00] (bBBi)[1, 0, 1, 0]
    3[00] (bBBi)[2, 1, 0, 0]
    ^(4 <- 4, 4)
    3[00] (bBBi)[2, 1, 1, 0]
    0[00] (bBb)[-1, 1, 1]
    0[00] (bBb)[-1, 1, 2]
    0[00] (bBb)[0, 1, -1]
 2003[02] (iB)[0, 1]
    ^(0 <- 4, 4)
 2004[44] (iB)[0, 9]
    ^(0 <- 0, 4)
 2000[05] (B)[0]

11400502, 0
    3[00] (bBBi)[1, 0, 0, 1282]
    3[00] (bBBi)[1, 0, 0, 1283]
    3[00] (bBBi)[1, 0, 0, 1287]
    3[00] (bBBi)[-2, 1, 0, 1280]
    3[00] (bBBi)[-2, 1, 0, 1281]
    0[00] (bBb)[1, 1, -2]
    4[02] (bibf)[1, 0, 5, 0.8999999761581421]
    ^(4 <- 0, 4)
    4[02] (bibf)[1, 0, 2, 0.0]
    ^(4 <- 0, 4)
    4[01] (bii)[1, 0, 10000]
    ^(4 <- 0, 4)
    3[00] (bBBi)[2, 1, 0, 0]
    ^(4 <- 4, 4)
    3[00] (bBBi)[2, 1, 1, 0]
    0[00] (bBb)[-1, 1, 1]
    0[00] (bBb)[-1, 1, 2]
    0[00] (bBb)[0, 1, -1]
 2003[02] (iB)[0, 1]
    ^(0 <- 4, 4)
 2004[44] (iB)[0, 9]
    ^(0 <- 0, 4)
 2000[05] (B)[0]

11400503, 0
    3[00] (bBBi)[1, 0, 0, 1282]
    3[00] (bBBi)[1, 0, 0, 1283]
    3[00] (bBBi)[1, 0, 0, 1287]
    3[00] (bBBi)[1, 1, 0, 1286]
    4[02] (bibf)[1, 0, 5, 0.8999999761581421]
    ^(4 <- 0, 4)
    4[02] (bibf)[1, 0, 2, 0.0]
    ^(4 <- 0, 4)
    4[01] (bii)[1, 0, 10000]
    ^(4 <- 0, 4)
    3[00] (bBBi)[2, 1, 0, 0]
    ^(4 <- 4, 4)
    3[00] (bBBi)[2, 1, 1, 0]
    0[00] (bBb)[-1, 1, 1]
    0[00] (bBb)[-1, 1, 2]
    0[00] (bBb)[0, 1, -1]
 2003[02] (iB)[0, 1]
    ^(0 <- 4, 4)
 2004[44] (iB)[0, 9]
    ^(0 <- 0, 4)
 2000[05] (B)[0]

11400504, 0
    3[00] (bBBi)[1, 0, 0, 1603]
    3[00] (bBBi)[1, 1, 0, 1601]
    4[02] (bibf)[1, 0, 5, 0.8999999761581421]
    ^(4 <- 0, 4)
    4[02] (bibf)[1, 0, 2, 0.0]
    ^(4 <- 0, 4)
    4[01] (bii)[1, 0, 10000]
    ^(4 <- 0, 4)
    3[00] (bBBi)[1, 0, 1, 0]
    3[00] (bBBi)[2, 0, 0, 1763]
    3[00] (bBBi)[2, 1, 0, 1760]
    4[02] (bibf)[2, 0, 5, 0.8999999761581421]
    ^(4 <- 8, 4)
    4[02] (bibf)[2, 0, 2, 0.0]
    ^(4 <- 8, 4)
    4[01] (bii)[2, 0, 10000]
    ^(4 <- 8, 4)
    3[00] (bBBi)[2, 0, 1, 0]
    3[00] (bBBi)[-2, 1, 0, 0]
    ^(4 <- 4, 4)
    3[00] (bBBi)[-2, 1, 0, 1763]
    3[00] (bBBi)[-2, 1, 0, 745]
    0[00] (bBb)[3, 1, -2]
    3[00] (bBBi)[3, 0, 1, 0]
    0[00] (bBb)[4, 1, -2]
    3[00] (bBBi)[4, 1, 1, 0]
    0[00] (bBb)[-1, 1, 1]
    0[00] (bBb)[-1, 1, 2]
    0[00] (bBb)[-1, 1, 3]
    0[00] (bBb)[-1, 1, 4]
    0[00] (bBb)[0, 1, -1]
 1000[07] (BBb)[4, 1, 4]
 1003[01] (BBBi)[1, 1, 0, 1604]
 2003[02] (iB)[0, 1]
    ^(0 <- 4, 4)
 1003[01] (BBBi)[1, 1, 0, 1764]
 2003[02] (iB)[1763, 1]
 2004[05] (iB)[0, 1]
    ^(0 <- 0, 4)
 2004[44] (iB)[0, 6]
    ^(0 <- 0, 4)
 2004[05] (iB)[0, 1]
    ^(0 <- 8, 4)
 2004[44] (iB)[0, 6]
    ^(0 <- 8, 4)
 1003[02] (BBBi)[0, 1, 1, 0]
    4[03] (bib)[-7, 10000, 0]
    4[03] (bib)[-7, 10000, 8]
    0[00] (bBb)[7, 1, -7]
    4[12] (bB)[7, 7]
 1000[02] (BBb)[0, 0, 7]
 2004[38] (B)[0]
 2003[02] (iB)[742, 1]
 2003[02] (iB)[746, 1]
 2000[05] (B)[0]

11400530, 0
    3[00] (bBBi)[1, 0, 0, 1253]
    3[00] (bBBi)[1, 1, 0, 1256]
    0[00] (bBb)[0, 1, 1]
 2003[22] (iiB)[0, 0, 0]
    ^(0 <- 4, 4)
    ^(4 <- 8, 4)
 2003[02] (iB)[0, 1]
    ^(0 <- 12, 4)
 2004[05] (iB)[0, 1]
    ^(0 <- 0, 4)
 2004[44] (iB)[0, 9]
    ^(0 <- 0, 4)

11400531, 0
    3[00] (bBBi)[1, 0, 0, 1282]
    3[00] (bBBi)[1, 0, 0, 1283]
    3[00] (bBBi)[1, 0, 0, 1287]
    3[00] (bBBi)[1, 1, 0, 1280]
    3[00] (bBBi)[1, 1, 0, 11400593]
    0[00] (bBb)[0, 1, 1]
 2003[22] (iiB)[0, 0, 0]
    ^(0 <- 4, 4)
    ^(4 <- 8, 4)
 2003[02] (iB)[0, 1]
    ^(0 <- 12, 4)
 2003[02] (iB)[11405001, 1]
 2004[13] (ii)[0, 1402301]
    ^(0 <- 0, 4)
 2004[44] (iB)[0, 12]
    ^(0 <- 0, 4)
 2004[17] (iiB)[0, 10, 0]
    ^(0 <- 0, 4)
 2004[20] (i)[0]
    ^(0 <- 0, 4)
    3[02] (bBii)[2, 1, 0, 1402300]
    ^(4 <- 0, 4)
    4[01] (bii)[3, 0, 10000]
    ^(4 <- 0, 4)
    0[00] (bBb)[-1, 1, 2]
    0[00] (bBb)[-1, 1, 3]
    0[00] (bBb)[0, 1, -1]
 2003[02] (iB)[11405001, 0]
 1000[07] (BBb)[1, 1, 3]
 2004[44] (iB)[0, 8]
    ^(0 <- 0, 4)
 2004[17] (iiB)[0, -1, 0]
    ^(0 <- 0, 4)
 2004[20] (i)[0]
    ^(0 <- 0, 4)

11400532, 0
    3[00] (bBBi)[1, 0, 0, 1282]
    3[00] (bBBi)[1, 0, 0, 1283]
    3[00] (bBBi)[1, 0, 0, 1287]
    3[00] (bBBi)[1, 1, 0, 1281]
    3[00] (bBBi)[1, 1, 0, 753]
    4[00] (biB)[1, 0, 0]
    ^(4 <- 0, 4)
    0[00] (bBb)[0, 1, 1]
 2003[22] (iiB)[0, 0, 0]
    ^(0 <- 4, 4)
    ^(4 <- 8, 4)
 2003[02] (iB)[0, 1]
    ^(0 <- 12, 4)

11400533, 1
 1003[01] (BBBi)[6, 0, 1, 0]
 2004[05] (iB)[1400411, 0]
 2004[05] (iB)[1400412, 0]
 2004[05] (iB)[1400413, 0]
 2004[05] (iB)[1400414, 0]
 2004[05] (iB)[1400415, 0]
 1000[04] (B)[0]
    4[00] (biB)[0, 6160, 1]
 1000[04] (B)[0]

11400536, 0
    3[00] (bBBi)[1, 0, 0, 1294]
    3[00] (bBBi)[1, 1, 0, 1290]
    3[04] (bBiB)[-1, 0, 1331000, 1]
    3[04] (bBiB)[-1, 0, 1331100, 1]
    3[04] (bBiB)[-1, 0, 1331200, 1]
    3[04] (bBiB)[-1, 0, 1331300, 1]
    3[04] (bBiB)[-1, 0, 1331400, 1]
    3[04] (bBiB)[-1, 0, 1331500, 1]
    3[04] (bBiB)[-1, 0, 1332000, 1]
    3[04] (bBiB)[-1, 0, 1332100, 1]
    3[04] (bBiB)[-1, 0, 1332200, 1]
    3[04] (bBiB)[-1, 0, 1332300, 1]
    3[04] (bBiB)[-1, 0, 1332400, 1]
    3[04] (bBiB)[-1, 0, 1332500, 1]
    0[00] (bBb)[1, 1, -1]
    0[00] (bBb)[0, 1, 1]
 2003[22] (iiB)[0, 0, 0]
    ^(0 <- 4, 4)
    ^(4 <- 8, 4)
 2003[02] (iB)[0, 1]
    ^(0 <- 12, 4)
 2004[05] (iB)[0, 1]
    ^(0 <- 0, 4)

11400537, 0
    3[00] (bBBi)[1, 0, 0, 1294]
    3[00] (bBBi)[1, 1, 0, 1293]
    3[00] (bBBi)[1, 1, 0, 11400595]
    4[00] (biB)[1, 0, 0]
    ^(4 <- 0, 4)
    0[00] (bBb)[0, 1, 1]
 2003[22] (iiB)[0, 0, 0]
    ^(0 <- 4, 4)
    ^(4 <- 8, 4)
 2003[02] (iB)[0, 1]
    ^(0 <- 12, 4)

11400538, 0
    3[00] (bBBi)[1, 0, 0, 1294]
    3[00] (bBBi)[1, 1, 0, 1291]
    3[00] (bBBi)[1, 1, 0, 10]
    4[00] (biB)[1, 0, 0]
    ^(4 <- 0, 4)
    0[00] (bBb)[0, 1, 1]
 2003[22] (iiB)[0, 0, 0]
    ^(0 <- 4, 4)
    ^(4 <- 8, 4)
 2003[02] (iB)[0, 1]
    ^(0 <- 12, 4)

11400539, 0
    3[00] (bBBi)[1, 1, 0, 1290]
    3[00] (bBBi)[1, 1, 0, 10]
    3[00] (bBBi)[2, 0, 0, 1294]
    3[00] (bBBi)[2, 1, 0, 1291]
    3[00] (bBBi)[2, 0, 0, 71400061]
    3[00] (bBBi)[2, 1, 0, 10]
    3[00] (bBBi)[3, 0, 0, 1294]
    3[00] (bBBi)[3, 1, 0, 1292]
    4[07] (biB)[3, 0, 0]
    ^(4 <- 0, 4)
    0[00] (bBb)[-1, 1, 1]
    0[00] (bBb)[-1, 1, 2]
    0[00] (bBb)[-1, 1, 3]
    0[00] (bBb)[0, 1, -1]
 2003[22] (iiB)[0, 0, 0]
    ^(0 <- 4, 4)
    ^(4 <- 8, 4)
 2003[02] (iB)[0, 1]
    ^(0 <- 12, 4)
 2004[05] (iB)[0, 0]
    ^(0 <- 0, 4)

11400551, 0
    3[00] (bBBi)[1, 0, 0, 1512]
    3[00] (bBBi)[1, 1, 0, 1497]
    3[00] (bBBi)[1, 1, 0, 11020592]
    3[08] (bBBB)[1, 1, 14, 0]
    0[00] (bBb)[0, 1, 1]
 2003[22] (iiB)[0, 0, 0]
    ^(0 <- 4, 4)
    ^(4 <- 8, 4)
 2003[02] (iB)[0, 1]
    ^(0 <- 12, 4)
 2004[05] (iB)[0, 1]
    ^(0 <- 0, 4)
 2003[02] (iB)[814, 1]

11400552, 0
    3[00] (bBBi)[1, 0, 0, 1512]
    3[00] (bBBi)[1, 1, 0, 1501]
    3[00] (bBBi)[1, 1, 0, 11400590]
    0[00] (bBb)[0, 1, 1]
 2003[22] (iiB)[0, 0, 0]
    ^(0 <- 4, 4)
    ^(4 <- 8, 4)
 2003[02] (iB)[0, 1]
    ^(0 <- 12, 4)
 2004[05] (iB)[0, 1]
    ^(0 <- 0, 4)

11400553, 0
 1003[06] (Bb)[0, 1]
 1003[02] (BBBi)[0, 1, 1, 0]
    3[00] (bBBi)[0, 1, 0, 11400590]
 1000[04] (B)[0]

11400554, 0
 1003[01] (BBBi)[2, 0, 1, 0]
 2004[09] (iiiiii)[0, -1, -1, -1, -1, -1]
    ^(0 <- 0, 4)
 1000[04] (B)[0]
    3[00] (bBBi)[-1, 1, 1, 0]
    3[00] (bBBi)[-1, 1, 0, 1501]
    0[00] (bBb)[0, 1, -1]
 1003[01] (BBBi)[1, 1, 1, 0]
    3[00] (bBBi)[0, 0, 0, 814]
 2004[09] (iiiiii)[0, -1, -1, 7856, -1, -1]
    ^(0 <- 0, 4)

11400560, 0
    3[06] (bb)[1, 0]
    4[12] (bB)[1, 7]
    3[00] (bBBi)[1, 0, 0, 1603]
    3[00] (bBBi)[1, 1, 0, 1600]
    3[00] (bBBi)[1, 1, 0, 11400582]
    0[00] (bBb)[0, 1, 1]
 2003[22] (iiB)[0, 0, 0]
    ^(0 <- 4, 4)
    ^(4 <- 8, 4)
 2003[02] (iB)[0, 1]
    ^(0 <- 12, 4)
 2004[05] (iB)[0, 1]
    ^(0 <- 0, 4)
 2004[05] (iB)[0, 1]
    ^(0 <- 16, 4)
 2003[02] (iB)[1766, 0]
 2003[02] (iB)[11405022, 1]

11400566, 0
 1003[05] (Bb)[1, 0]
 1003[02] (BBBi)[0, 1, 0, 11405022]
    3[00] (bBBi)[1, 1, 0, 746]
 1000[02] (BBb)[0, 0, 1]
 1001[01] (i)[1]
 2004[05] (iB)[0, 0]
    ^(0 <- 0, 4)
 2004[05] (iB)[0, 0]
    ^(0 <- 4, 4)
 2003[02] (iB)[1766, 1]
 2003[02] (iB)[11405022, 0]

11400567, 0
    3[06] (bb)[1, 0]
    4[12] (bB)[2, 7]
    0[00] (bBb)[1, 0, 2]
    3[00] (bBBi)[1, 0, 0, 746]
    0[00] (bBb)[0, 1, 1]
 1001[01] (i)[1]
 2004[05] (iB)[0, 0]
    ^(0 <- 0, 4)
 2004[05] (iB)[0, 0]
    ^(0 <- 4, 4)
 2003[02] (iB)[11405022, 0]

140, 0
 2000[02] (B)[0]
    3[00] (bBBi)[1, 1, 1, 0]
    3[05] (biifhfiBi)[1, 0, 1401960, 180.0, -1, 3.4000000953674316, 10010182, 48, 0]
    0[00] (bBb)[0, 1, 1]
 2007[01] (ihhif)[10010184, 0, 6, 1401960, 3.4000000953674316]
 1000[04] (B)[1]

11405030, 0
 1003[05] (Bb)[1, 1]
 2004[28] (ii)[6531, 4095]
 1003[01] (BBBi)[3, 1, 0, 11405033]
    3[06] (bb)[2, 1]
    3[00] (bBBi)[2, 1, 0, 11405031]
 1000[01] (BBb)[1, 1, 2]
 2004[05] (iB)[6531, 0]
 1003[02] (BBBi)[0, 1, 0, 9]
    3[06] (bb)[1, 0]
    4[03] (bib)[1, 10000, 0]
    3[00] (bBBi)[1, 1, 0, 11400901]
    4[07] (biB)[1, 6531, 1]
    0[00] (bBb)[0, 1, 1]
 2003[25] (iiiii)[0, 6531, 1402050, 11405031, 11405033]

11405032, 0
 1003[02] (BBBi)[0, 1, 1, 0]
    3[00] (bBBi)[1, 1, 0, 11405031]
    3[00] (bBBi)[1, 1, 0, 11405393]
    0[00] (bBb)[0, 1, 1]
 2004[17] (iiB)[6531, 10, 0]
 2004[20] (i)[6531]
    3[02] (bBii)[0, 1, 6531, 1402998]
 2004[14] (ii)[6531, 1402997]
 2003[18] (iiBBB)[6531, 7410, 0, 0, 0]
 2004[17] (iiB)[6531, -1, 0]
 2004[20] (i)[6531]

11405035, 0
 2000[02] (B)[0]
 1003[06] (Bb)[0, 1]
 1003[02] (BBBi)[0, 1, 0, 11405036]
 1003[02] (BBBi)[0, 1, 0, 9]
    3[06] (bb)[1, 0]
    4[03] (bib)[1, 10000, 0]
    3[00] (bBBi)[1, 0, 0, 11400901]
 1003[01] (BBBi)[1, 1, 1, 0]
    3[02] (bBii)[1, 1, 10000, 1402061]
    0[00] (bBb)[0, 1, 1]
 2003[25] (iiiii)[1, 6530, 1402060, 11405036, 11405037]
 1001[00] (f)[20.0]
 1000[04] (B)[1]

11400901, 0
 1003[05] (Bb)[3, 0]
    3[00] (bBBi)[1, 1, 0, 11405036]
    3[00] (bBBi)[1, 0, 0, 11405037]
 1000[01] (BBb)[1, 1, 1]
 2004[05] (iB)[6530, 0]
 1003[02] (BBBi)[0, 1, 1, 0]
    4[00] (biB)[0, 6530, 1]
 2003[02] (iB)[11400901, 1]