0, 0
 2000[00] (iII)[0, 11000112, 0]
 2000[00] (iIi)[0, 11000860, 1000300]
 2000[00] (iII|IIf)[0, 11005100, 1002100, 1002110, 1000100, 0.0]
 2000[00] (iII|IIf)[1, 11005100, 1002101, 1002112, 1000101, 0.5]
 2000[00] (iII|IIf)[2, 11005100, 1002102, 1002113, 1000102, 0.4]
 2000[00] (iII|IIf)[3, 11005100, 1002102, 1002113, 1000103, 0.2]

11000112, 0
 1003[02] (BBBi)[0, 1, 1, 0]
 2005[06] (iiB)[1001200, -1, 0]
 0003[05] (biifhfiBi)[0, 0, 1001200, 60.0, 100, 1.5, 10010400, 48, 0]
 2007[01] (ihhif)[10010631, 1, 6, 1001200, 3.0]
 1001[00] (f)[1.0]
 0003[05] (biifhfiBi)[0, 0, 1001200, 60.0, 100, 1.5, 10010632, 48, 0]
 2003[36] (i)[1660]
 1001[00] (f)[2.0]
 2005[06] (iiB)[1001200, -1, 1]

11000860, 1
 1003[02] (BBBi)[0, 0, 0, 11002000]
 0003[08] (bBBB)[0, 1, 10, 0]
 2004[05] (iB)[0, 0]
    ^(0 <- 0, 4)
 2004[04] (iB)[0, 0]
    ^(0 <- 0, 4)

11005100, 1
 1003[01] (BBBi)[12, 1, 2, 0]
 2004[10] (iB)[0, 0]
    ^(0 <- 8, 4)
 2004[31] (iB)[0, 1]
    ^(0 <- 8, 4)
 1000[05] (Bbii)[4, 0, 0, 0]
    ^(4 <- 4, 4)
 0003[02] (bBii)[-3, 1, 10000, 0]
    ^(8 <- 0, 4)
 0004[01] (bii)[-3, 0, 10000]
    ^(4 <- 8, 4)
 0000[00] (bBb)[0, 1, -3]
 1000[03] (B)[4]
 0003[02] (bBii)[-4, 1, 10000, 0]
    ^(8 <- 0, 4)
 0003[02] (bBii)[-4, 1, 10000, 0]
    ^(8 <- 4, 4)
 0004[01] (bii)[-4, 0, 10000]
    ^(4 <- 8, 4)
 0000[00] (bBb)[0, 1, -4]
 1001[00] (f)[0.0]
    ^(0 <- 12, 4)
 2004[10] (iB)[0, 1]
    ^(0 <- 8, 4)
 2004[31] (iB)[0, 0]
    ^(0 <- 8, 4)
 2004[09] (iiiiii)[0, -1, -1, -1, -1, -1]
    ^(0 <- 8, 4)