0, 0
 1003[06] (Bb)[0, 1]
 2003[02] (iB)[760, 0]
 2003[02] (iB)[762, 0]
 2003[02] (iB)[765, 0]
 2000[00] (iII|II)[0, 260, 11810000, 10010600, 0]
 2000[00] (iII|II)[1, 260, 257, 10010610, 0]
 2000[00] (iII|II)[2, 260, 710, 10010620, 0]
 2000[00] (iII)[0, 761, 0]
 2000[00] (iII)[0, 763, 0]
 2000[00] (iII)[0, 290, 0]
 2000[00] (iII)[0, 701, 0]
 2000[00] (iII)[0, 702, 0]
 2000[00] (iII)[0, 717, 0]
 2000[00] (iII)[0, 718, 0]
 2000[00] (iII)[0, 706, 0]
 2000[00] (iII)[0, 740, 0]
 2000[00] (iII)[0, 750, 0]
 2000[00] (iII)[0, 752, 0]
 2000[00] (iII)[0, 757, 0]
 2000[00] (iII)[0, 758, 0]
 2000[00] (iII)[0, 759, 0]
 2000[00] (iII)[0, 754, 0]
 2000[00] (iII)[0, 770, 0]
 2000[00] (iII)[0, 772, 0]
 2000[00] (iII)[0, 730, 0]
 2000[00] (iII)[0, 731, 0]
 2000[00] (iII)[0, 766, 0]
 2000[00] (iII)[0, 710, 0]
 2000[00] (iII|I)[0, 711, 2500, 711]
 2000[00] (iII|I)[1, 711, 2501, 712]
 2000[00] (iII|I)[2, 711, 2502, 713]
 2000[00] (iII|I)[3, 711, 2504, 714]
 2000[00] (iII)[0, 715, 0]
 2000[00] (iII)[0, 716, 0]
 2000[00] (iII|I)[0, 8131, 202, 203]
 2000[00] (iII|I)[1, 8131, 204, 205]
 2000[00] (iII|I)[2, 8131, 206, 207]
 2000[00] (iII|I)[3, 8131, 208, 209]
 2000[00] (iII|I)[4, 8131, 210, 211]
 2000[00] (iII|I)[5, 8131, 212, 213]
 2000[00] (iII|I)[6, 8131, 214, 215]
 2000[00] (iII)[0, 819, 0]
 2000[00] (iII|III)[0, 970, 2, 2500, 9020, 9030]
 2000[00] (iII|III)[1, 970, 11010901, 0, 9000, 9030]
 2000[00] (iII|III)[2, 970, 11010902, 2510, 9000, 9030]
 2000[00] (iII|III)[3, 970, 3, 0, 9020, 0]
 2000[00] (iII|III)[4, 970, 4, 2520, 9020, 0]
 2000[00] (iII|III)[5, 970, 11200900, 2530, 9000, 0]
 2000[00] (iII|III)[6, 970, 5, 2540, 9000, 9030]
 2000[00] (iII|III)[7, 970, 6, 2550, 9000, 9030]
 2000[00] (iII|III)[8, 970, 7, 2560, 9000, 0]
 2000[00] (iII|III)[9, 970, 9, 2570, 9020, 0]
 2000[00] (iII|III)[10, 970, 11410900, 0, 9000, 9030]
 2000[00] (iII|III)[11, 970, 11410410, 0, 9000, 0]
 2000[00] (iII|III)[12, 970, 11410901, 0, 9000, 9030]
 2000[00] (iII|III)[13, 970, 10, 2580, 9000, 0]
 2000[00] (iII|III)[14, 970, 11, 2590, 9000, 0]
 2000[00] (iII|III)[15, 970, 11510900, 2600, 0, 0]
 2000[00] (iII|III)[16, 970, 11510902, 2610, 9000, 0]
 2000[00] (iII|III)[17, 970, 11510903, 2620, 9000, 0]
 2000[00] (iII|III)[18, 970, 13, 2630, 9010, 0]
 2000[00] (iII|III)[19, 970, 14, 2640, 9000, 0]
 2000[00] (iII|III)[20, 970, 15, 2650, 0, 0]
 2000[00] (iII|III)[21, 970, 16, 2660, 9000, 0]
 2000[00] (iII|III)[22, 970, 11810900, 0, 9000, 9030]
 2000[00] (iII|III)[23, 970, 11210000, 2680, 9000, 0]
 2000[00] (iII|III)[24, 970, 11210001, 2690, 0, 0]
 2000[00] (iII|III)[25, 970, 17, 2700, 9040, 0]
 2000[00] (iII|III)[26, 970, 11210004, 2710, 0, 0]
 2000[00] (iII|I)[0, 250, 2600, 250]
 2000[00] (iII|I)[1, 250, 2601, 251]
 2000[00] (iII|I)[2, 250, 2602, 252]
 2000[00] (iII|I)[3, 250, 2603, 253]
 2000[00] (iII|I)[4, 250, 2604, 254]
 2000[00] (iII|I)[5, 250, 2605, 255]
 2000[00] (iII|I)[6, 250, 2606, 256]
 2000[00] (iII|I)[7, 250, 2607, 257]
 2000[00] (iII|I)[8, 250, 2608, 258]
 2000[00] (iII|I)[9, 250, 2609, 259]
 2000[00] (iII|I)[0, 350, 350, 800]
 2000[00] (iII|I)[1, 350, 351, 801]
 2000[00] (iII|I)[2, 350, 352, 802]
 2000[00] (iII|I)[6, 350, 356, 806]
 2000[00] (iII|I)[7, 350, 357, 807]
 2000[00] (iII|I)[8, 350, 358, 808]
 2000[00] (iII|I)[9, 350, 359, 809]
 2000[00] (iII|I)[10, 350, 360, 810]
 2000[00] (iII|I)[12, 350, 362, 812]
 2000[00] (iII|I)[13, 350, 363, 813]
 2000[00] (iII|I)[0, 780, 1000, 780]
 2000[00] (iII|I)[1, 780, 1010, 781]
 2000[00] (iII|I)[2, 780, 1020, 782]
 2000[00] (iII|I)[3, 780, 1030, 783]
 2000[00] (iII|I)[4, 780, 1040, 784]
 2000[00] (iII|I)[5, 780, 1050, 785]
 2000[00] (iII|I)[6, 780, 1060, 786]
 2000[00] (iII|I)[7, 780, 1070, 787]
 2000[00] (iII|I)[8, 780, 1080, 788]
 2000[00] (iII|I)[9, 780, 1090, 789]
 2000[00] (iII|I)[10, 780, 1100, 790]
 2000[00] (iII|I)[11, 780, 1110, 791]
 2000[00] (iII|I)[12, 780, 1120, 792]
 2000[00] (iII|I)[13, 780, 1130, 793]
 2000[00] (iII|I)[0, 870, 0, 850]
 2000[00] (iII|I)[1, 870, 1, 851]
 2000[00] (iII|I)[2, 870, 2, 852]
 2000[00] (iII|I)[3, 870, 3, 853]
 2000[00] (iII|I)[4, 870, 4, 854]
 2000[00] (iII|I)[5, 870, 5, 855]
 2000[00] (iII|I)[6, 870, 6, 856]
 2000[00] (iII|I)[7, 870, 7, 857]
 2000[00] (iII|I)[8, 870, 8, 858]
 2000[00] (iII|I)[9, 870, 9, 859]
 2000[00] (iII|III)[0, 840, 840, 7905, 6370, 4294967295]
 2000[00] (iII|III)[1, 840, 841, 7905, 6072, 4294967295]
 2000[00] (iII|III)[2, 840, 842, 7905, 6080, 4294967295]
 2000[00] (iII|III)[3, 840, 843, 7905, 6001, 4294967295]
 2000[00] (iII|III)[4, 840, 844, 7898, 10000, 7896]
 2000[00] (iII|III)[5, 840, 845, 7905, 6340, 4294967295]
 2000[00] (iII|III)[6, 840, 846, 7905, 6341, 4294967295]
 2000[00] (iII|III)[7, 840, 847, 7913, 10000, 7911]
 2000[00] (iII|III)[8, 840, 848, 7905, 6380, 4294967295]
 2000[00] (iII|III)[9, 840, 849, 7905, 1400700, 4294967295]
 2000[00] (iII|III)[0, 690, 600, 4, 16, 1175]
 2000[00] (iII)[0, 719, 0]
 2000[00] (iII)[0, 720, 0]
 2000[00] (iII)[0, 721, 0]
 2000[00] (iII)[0, 722, 0]
 2000[00] (iII)[0, 723, 0]
 2000[00] (iII)[0, 724, 0]
 2000[00] (iII)[0, 725, 0]
 2000[00] (iII)[0, 726, 0]
 2000[00] (iII)[0, 727, 0]
 2000[00] (iII)[0, 745, 0]
 2000[00] (iII)[0, 818, 0]
 2000[00] (iII)[0, 810, 0]
 2000[00] (iII)[0, 812, 51400350]
 2000[00] (iII)[1, 812, 51010050]
 2000[00] (iII)[0, 822, 0]
 2000[00] (iII)[0, 823, 0]
 2000[00] (iII|I)[0, 910, 11400591, 1280]
 2000[00] (iII|II)[0, 911, 11010591, 1000, 1]
 2000[00] (iII|II)[1, 911, 11510590, 1010, 1]
 2000[00] (iII|II)[2, 911, 11700591, 1020, 1]
 2000[00] (iII|II)[3, 911, 11000591, 1030, 1]
 2000[00] (iII|II)[4, 911, 11400590, 1040, 1]
 2000[00] (iII|II)[5, 911, 11410594, 1050, 1]
 2000[00] (iII|II)[6, 911, 11020594, 1060, 1]
 2000[00] (iII|II)[7, 911, 11020595, 1070, 1]
 2000[00] (iII|II)[8, 911, 11810590, 1082, 1]
 2000[00] (iII|II)[9, 911, 11810591, 1080, 1]
 2000[00] (iII|II)[10, 911, 11510592, 1090, 1]
 2000[00] (iII|II)[11, 911, 11600592, 1100, 1]
 2000[00] (iII|II)[12, 911, 11020602, 1110, 1]
 2000[00] (iII|II)[13, 911, 11010594, 1120, 1]
 2000[00] (iII|II)[14, 911, 11010595, 1130, 1]
 2000[00] (iII|II)[15, 911, 11020599, 1140, 1]
 2000[00] (iII|II)[16, 911, 11020607, 1150, 1]
 2000[00] (iII|II)[17, 911, 11200592, 1160, 1]
 2000[00] (iII|II)[18, 911, 11200593, 1170, 1]
 2000[00] (iII|II)[19, 911, 11200594, 1180, 1]
 2000[00] (iII|II)[20, 911, 11300590, 1190, 1]
 2000[00] (iII|II)[21, 911, 11300591, 1200, 1]
 2000[00] (iII|II)[22, 911, 11310590, 1210, 1]
 2000[00] (iII|II)[23, 911, 11310592, 1220, 1]
 2000[00] (iII|II)[24, 911, 11310593, 1230, 1]
 2000[00] (iII|II)[25, 911, 11310594, 1240, 1]
 2000[00] (iII|II)[26, 911, 11320590, 1250, 1]
 2000[00] (iII|II)[27, 911, 11320581, 1260, 1]
 2000[00] (iII|II)[28, 911, 11320593, 1270, 1]
 2000[00] (iII|II)[29, 911, 11400592, 1290, 1]
 2000[00] (iII|II)[30, 911, 11400594, 1300, 1]
 2000[00] (iII|II)[31, 911, 11400596, 1310, 1]
 2000[00] (iII|II)[32, 911, 11400597, 1320, 1]
 2000[00] (iII|II)[33, 911, 11400598, 1330, 1]
 2000[00] (iII|II)[34, 911, 11400599, 1340, 1]
 2000[00] (iII|II)[35, 911, 11510595, 1350, 1]
 2000[00] (iII|II)[36, 911, 11510596, 1360, 1]
 2000[00] (iII|II)[37, 911, 11510597, 1370, 1]
 2000[00] (iII|II)[38, 911, 11600594, 1380, 1]
 2000[00] (iII|II)[39, 911, 11600595, 1390, 1]
 2000[00] (iII|II)[40, 911, 11600596, 1400, 1]
 2000[00] (iII|II)[41, 911, 11010598, 1410, 0]
 2000[00] (iII|II)[42, 911, 11210590, 1500, 1]
 2000[00] (iII|II)[43, 911, 11210593, 1510, 1]
 2000[00] (iII|II)[44, 911, 11210594, 1520, 1]
 2000[00] (iII|II)[45, 911, 11600580, 1401, 1]
 2000[00] (iII|II)[46, 911, 11600581, 1402, 1]
 2000[00] (iII|II)[47, 911, 11600582, 1403, 1]
 2000[00] (iII|II)[48, 911, 11600583, 1404, 1]
 2000[00] (iII|II)[0, 890, 11310580, 1221, 1]
 2000[00] (iII|II)[1, 890, 11510580, 1361, 1]
 2000[00] (iII|II)[2, 890, 11510581, 1371, 1]
 2000[00] (iII|II)[3, 890, 11320592, 1261, 1]
 2000[00] (iII|II)[0, 960, 1322, 6190, 6190]
 2000[00] (iII|II)[1, 960, 1315, 6180, 1100]
 2000[00] (iII|II)[2, 960, 1402, 6230, 6230]
 2000[00] (iII|II)[3, 960, 1402, 6230, 6231]
 2000[00] (iII|III)[0, 8200, 3, 5500, 50000120, 11010594]
 2000[00] (iII|III)[1, 8200, 3, 5510, 50000130, 11010595]
 2000[00] (iII|III)[2, 8200, 2, 103, 50000160, 11200592]
 2000[00] (iII|III)[3, 8200, 3, 240, 50000170, 11200593]
 2000[00] (iII|III)[4, 8200, 2, 124, 50000180, 11200594]
 2000[00] (iII|III)[5, 8200, 0, 453000, 50000220, 11310592]
 2000[00] (iII|III)[6, 8200, 3, 5100, 50000225, 11310580]
 2000[00] (iII|III)[7, 8200, 3, 5110, 50000230, 11310593]
 2000[00] (iII|III)[8, 8200, 3, 114, 50000265, 11320581]
 2000[00] (iII|III)[9, 8200, 3, 377, 50000260, 11320592]
 2000[00] (iII|III)[10, 8200, 3, 378, 50000270, 11320593]
 2000[00] (iII|III)[11, 8200, 3, 4500, 50000310, 11400596]
 2000[00] (iII|III)[12, 8200, 3, 4520, 50000320, 11400597]
 2000[00] (iII|III)[13, 8200, 3, 4510, 50000330, 11400598]
 2000[00] (iII|III)[14, 8200, 2, 130, 50000350, 11510595]
 2000[00] (iII|III)[15, 8200, 3, 113, 50000360, 11510596]
 2000[00] (iII|III)[16, 8200, 2, 102, 50000365, 11510580]
 2000[00] (iII|III)[17, 8200, 3, 5910, 50000370, 11510597]
 2000[00] (iII|III)[18, 8200, 0, 1366000, 50000375, 11510581]
 2000[00] (iII|III)[19, 8200, 0, 904000, 50000380, 11600594]
 2000[00] (iII|III)[20, 8200, 3, 102, 50000390, 11600595]
 2000[00] (iII|III)[21, 8200, 0, 210000, 50000400, 11600596]
 2000[00] (iII|III)[22, 8200, 1, 40000, 50000410, 11600580]
 2000[00] (iII|III)[23, 8200, 1, 41000, 50000420, 11600581]
 2000[00] (iII|III)[24, 8200, 1, 42000, 50000430, 11600582]
 2000[00] (iII|III)[25, 8200, 1, 43000, 50000440, 11600583]
 2000[00] (iII|II)[0, 8300, 3, 100, 50000000]
 2000[00] (iII|II)[1, 8300, 3, 101, 51100330]
 2000[00] (iII|II)[2, 8300, 3, 102, 50000390]
 2000[00] (iII|II)[3, 8300, 3, 106, 11017020]
 2000[00] (iII|II)[4, 8300, 3, 108, 11607020]
 2000[00] (iII|II)[5, 8300, 3, 112, 11407080]
 2000[00] (iII|II)[6, 8300, 3, 2508, 11007010]
 2000[00] (iII|II)[0, 8090, 3, 510, 11217010]
 2000[00] (iII|II)[1, 8090, 3, 511, 11217020]
 2000[00] (iII|II)[2, 8090, 3, 512, 11217030]
 2000[00] (iII|II)[3, 8090, 3, 513, 11217040]
 2000[00] (iII|II)[4, 8090, 3, 514, 11217050]

50, 0
 1003[01] (BBBi)[80, 1, 0, 909]
 1003[03] (BBBii)[1, 2, 0, 1000, 1029]
 2003[02] (iB)[1000, 1]
 1003[03] (BBBii)[1, 2, 0, 1030, 1059]
 2003[02] (iB)[1030, 1]
 1003[03] (BBBii)[1, 2, 0, 1060, 1089]
 2003[02] (iB)[1060, 1]
 1003[03] (BBBii)[1, 2, 0, 1090, 1109]
 2003[02] (iB)[1090, 1]
 1003[03] (BBBii)[1, 2, 0, 1110, 1119]
 2003[02] (iB)[1110, 1]
 1003[03] (BBBii)[1, 2, 0, 1120, 1139]
 2003[02] (iB)[1120, 1]
 1003[03] (BBBii)[1, 2, 0, 1140, 1169]
 2003[02] (iB)[1140, 1]
 1003[03] (BBBii)[1, 2, 0, 1170, 1189]
 2003[02] (iB)[1170, 1]
 1003[03] (BBBii)[1, 2, 0, 1190, 1209]
 2003[02] (iB)[1202, 1]
 1003[03] (BBBii)[1, 2, 0, 1210, 1219]
 2003[02] (iB)[1210, 1]
 1003[03] (BBBii)[1, 2, 0, 1220, 1229]
 2003[02] (iB)[1220, 1]
 1003[03] (BBBii)[1, 2, 0, 1230, 1239]
 2003[02] (iB)[1230, 1]
 1003[03] (BBBii)[1, 2, 0, 1240, 1249]
 2003[02] (iB)[1240, 1]
 1003[03] (BBBii)[1, 2, 0, 1250, 1259]
 2003[02] (iB)[1250, 1]
 1003[03] (BBBii)[1, 2, 0, 1270, 1279]
 2003[02] (iB)[1270, 1]
 1003[03] (BBBii)[1, 2, 0, 1280, 1289]
 2003[02] (iB)[1280, 1]
 1003[03] (BBBii)[1, 2, 0, 1290, 1309]
 2003[02] (iB)[1290, 1]
 1003[03] (BBBii)[1, 2, 0, 1310, 1319]
 2003[02] (iB)[1310, 1]
 1003[03] (BBBii)[1, 2, 0, 1320, 1339]
 2003[02] (iB)[1320, 1]
 1003[03] (BBBii)[1, 2, 0, 1340, 1359]
 2003[02] (iB)[1340, 1]
 1003[03] (BBBii)[1, 2, 0, 1360, 1379]
 2003[02] (iB)[1360, 1]
 1003[03] (BBBii)[1, 2, 0, 1380, 1399]
 2003[02] (iB)[1380, 1]
 1003[03] (BBBii)[1, 2, 0, 1400, 1409]
 2003[02] (iB)[1400, 1]
 1003[03] (BBBii)[1, 2, 0, 1410, 1419]
 2003[02] (iB)[1410, 1]
 1003[03] (BBBii)[1, 2, 0, 1420, 1429]
 2003[02] (iB)[1420, 1]
 1003[03] (BBBii)[1, 2, 0, 1430, 1459]
 2003[02] (iB)[1430, 1]
 1003[03] (BBBii)[1, 2, 0, 1460, 1489]
 2003[02] (iB)[1460, 1]
 1003[03] (BBBii)[1, 2, 0, 1490, 1539]
 2003[02] (iB)[1490, 1]
 1003[03] (BBBii)[1, 2, 0, 1540, 1569]
 2003[02] (iB)[1540, 1]
 1003[03] (BBBii)[1, 2, 0, 1570, 1599]
 2003[02] (iB)[1570, 1]
 1003[03] (BBBii)[1, 2, 0, 1600, 1619]
 2003[02] (iB)[1600, 1]
 1003[03] (BBBii)[1, 2, 0, 1620, 1639]
 2003[02] (iB)[1620, 1]
 1003[03] (BBBii)[1, 2, 0, 1640, 1669]
 2003[02] (iB)[1640, 1]
 1003[03] (BBBii)[1, 2, 0, 1670, 1679]
 2003[02] (iB)[1670, 1]
 1003[03] (BBBii)[1, 2, 0, 1690, 1699]
 2003[02] (iB)[1690, 1]
 1003[03] (BBBii)[1, 2, 0, 1700, 1709]
 2003[02] (iB)[1700, 1]
 1003[03] (BBBii)[1, 2, 0, 1710, 1729]
 2003[02] (iB)[1710, 1]
 1003[03] (BBBii)[1, 2, 0, 1760, 1769]
 2003[02] (iB)[1760, 1]
 1003[03] (BBBii)[1, 2, 0, 1770, 1779]
 2003[02] (iB)[1770, 1]
 1003[03] (BBBii)[1, 2, 0, 1780, 1789]
 2003[02] (iB)[1780, 1]
 1003[03] (BBBii)[1, 2, 0, 1820, 1839]
 2003[02] (iB)[1820, 1]
 1003[03] (BBBii)[1, 2, 0, 1840, 1859]
 2003[02] (iB)[1840, 1]
 1003[03] (BBBii)[1, 2, 0, 1860, 1869]
 2003[02] (iB)[1860, 1]
 1003[03] (BBBii)[1, 2, 0, 1870, 1889]
 2003[02] (iB)[1870, 1]
 1003[01] (BBBi)[24, 1, 0, 909]
 2003[02] (iB)[11807020, 1]
 2003[02] (iB)[11807030, 1]
 2003[02] (iB)[11807040, 1]
 2003[02] (iB)[11807050, 1]
 2003[02] (iB)[11807060, 1]
 2003[02] (iB)[11807070, 1]
 2003[02] (iB)[11807080, 1]
 2003[02] (iB)[11807090, 1]
 2003[02] (iB)[11807100, 1]
 2003[02] (iB)[11807110, 1]
 2003[02] (iB)[11807120, 1]
 2003[02] (iB)[11807130, 1]
 2003[02] (iB)[11807170, 1]
 2003[02] (iB)[11807180, 1]
 2003[02] (iB)[11807190, 1]
 2003[02] (iB)[11807200, 1]
 2003[02] (iB)[11807210, 1]
 2003[02] (iB)[11807220, 1]
 2003[02] (iB)[11807230, 1]
 2003[02] (iB)[11807240, 1]
 2003[02] (iB)[11217060, 1]
 2003[02] (iB)[11217070, 1]
 2003[02] (iB)[11217080, 1]
 2003[02] (iB)[11217090, 1]
 1003[01] (BBBi)[4, 1, 0, 909]
 2003[02] (iB)[909, 1]
 2003[02] (iB)[814, 1]
 2003[02] (iB)[50006071, 1]
 2003[02] (iB)[50006080, 1]

290, 0
 1003[02] (BBBi)[0, 1, 1, 0]
 2003[22] (iiB)[280, 290, 1]
    4[11] (bB)[-1, 1]
    4[11] (bB)[-1, 8]
    0[00] (bBb)[1, 1, -1]
    0[00] (bBb)[2, 0, -1]
    0[00] (bBb)[-2, 1, 1]
    0[00] (bBb)[-2, 1, 2]
    0[00] (bBb)[0, 1, -2]
 1000[07] (BBb)[2, 1, 2]
 2003[02] (iB)[287, 0]
 1000[04] (B)[0]
 2003[02] (iB)[288, 0]

701, 0
 1003[02] (BBBi)[0, 1, 1, 0]
 2003[30] (B)[0]
    3[08] (bBBB)[0, 1, 18, 1]
 2003[30] (B)[1]
    3[00] (bBBi)[0, 1, 0, 11810000]
 2003[30] (B)[0]

702, 0
 2003[02] (iB)[702, 0]
    3[00] (bBBi)[1, 0, 0, 11800210]
    3[08] (bBBB)[1, 1, 18, 0]
    0[00] (bBb)[0, 1, 1]
 2003[02] (iB)[702, 1]
    3[08] (bBBB)[-1, 0, 18, 0]
    3[00] (bBBi)[-1, 1, 0, 11800210]
    0[00] (bBb)[0, 1, -1]
 2003[02] (iB)[702, 0]
 1000[04] (B)[1]

717, 0
 2003[02] (iB)[717, 0]
    3[00] (bBBi)[1, 0, 0, 710]
    3[08] (bBBB)[1, 1, 16, 0]
   11[02] (bi)[1, 1603300]
    0[00] (bBb)[0, 1, 1]
 2003[02] (iB)[717, 1]
   11[02] (bi)[2, 1603300]
    0[00] (bBb)[0, 0, 2]
 2003[02] (iB)[717, 0]
 1000[04] (B)[1]

718, 0
 1003[02] (BBBi)[0, 0, 0, 8120]
 2007[03] (iB)[10010650, 1]
 2003[02] (iB)[8120, 0]

706, 0
    3[00] (bBBi)[0, 1, 0, 710]
 2003[02] (iB)[706, 1]
    3[00] (bBBi)[-1, 1, 0, 11705170]
    3[08] (bBBB)[-1, 1, 11, 0]
    0[00] (bBb)[0, 1, -1]
 2003[02] (iB)[706, 0]
    3[00] (bBBi)[1, 0, 0, 11705170]
    3[08] (bBBB)[1, 0, 11, 0]
    0[00] (bBb)[0, 1, 1]
 1000[04] (B)[1]

710, 0
 1003[02] (BBBi)[0, 1, 1, 0]
    3[04] (bBiB)[0, 3, 2510, 1]
 2003[02] (iB)[710, 1]

711, 0
 1003[02] (BBBi)[0, 1, 2, 0]
    3[04] (bBiB)[0, 3, 0, 1]
    ^(4 <- 0, 4)
 2003[02] (iB)[0, 1]
    ^(0 <- 4, 4)

715, 0
 2003[02] (iB)[715, 0]
    3[00] (bBBi)[1, 1, 0, 11010595]
    3[04] (bBiB)[1, 3, 702, 1]
    3[16] (bBiB)[1, 3, 5520, 0]
    4[12] (bB)[1, 3]
    0[00] (bBb)[0, 1, 1]
 2003[02] (iB)[715, 1]
    3[04] (bBiB)[-1, 3, 702, 0]
    3[16] (bBiB)[-1, 3, 5520, 1]
    4[12] (bB)[2, 3]
    0[00] (bBb)[-1, 0, 2]
    0[00] (bBb)[0, 1, -1]
 1000[04] (B)[1]

716, 0
 1003[02] (BBBi)[0, 1, 1, 0]
    3[00] (bBBi)[0, 1, 0, 50000082]
 2003[02] (iB)[716, 1]

8131, 0
 1003[02] (BBBi)[0, 1, 2, 0]
    3[04] (bBiB)[-1, 3, 0, 1]
    ^(4 <- 0, 4)
    3[04] (bBiB)[-1, 3, 0, 1]
    ^(4 <- 4, 4)
    0[00] (bBb)[0, 1, -1]
 1000[05] (Bbii)[1, 1, 0, 202]
    ^(4 <- 0, 4)
 2003[02] (iB)[8131, 1]
 1000[05] (Bbii)[1, 1, 0, 204]
    ^(4 <- 0, 4)
 2003[22] (iiB)[8131, 8132, 1]
 1000[05] (Bbii)[1, 1, 0, 206]
    ^(4 <- 0, 4)
 2003[22] (iiB)[8131, 8133, 1]
 1000[05] (Bbii)[1, 1, 0, 208]
    ^(4 <- 0, 4)
 2003[22] (iiB)[8131, 8134, 1]
 1000[05] (Bbii)[1, 1, 0, 210]
    ^(4 <- 0, 4)
 2003[22] (iiB)[8131, 8135, 1]
 1000[05] (Bbii)[1, 1, 0, 212]
    ^(4 <- 0, 4)
 2003[22] (iiB)[8131, 8136, 1]
 1000[05] (Bbii)[1, 1, 0, 214]
    ^(4 <- 0, 4)
 2003[22] (iiB)[8131, 8137, 1]

819, 0
 1003[02] (BBBi)[0, 1, 1, 0]
    3[00] (bBBi)[-1, 1, 0, 11017040]
    3[00] (bBBi)[-1, 1, 0, 11017170]
    0[00] (bBb)[0, 1, -1]
 2003[02] (iB)[11017040, 1]
 2003[02] (iB)[11017170, 1]

719, 0
 1003[02] (BBBi)[0, 1, 1, 0]
    3[04] (bBiB)[-1, 3, 3000, 1]
    3[04] (bBiB)[-1, 3, 3010, 1]
    3[04] (bBiB)[-1, 3, 3020, 1]
    3[04] (bBiB)[-1, 3, 3030, 1]
    3[04] (bBiB)[-1, 3, 3040, 1]
    3[04] (bBiB)[-1, 3, 3050, 1]
    3[04] (bBiB)[-1, 3, 3060, 1]
    3[04] (bBiB)[-1, 3, 3070, 1]
    3[04] (bBiB)[-1, 3, 3100, 1]
    3[04] (bBiB)[-1, 3, 3110, 1]
    3[04] (bBiB)[-1, 3, 3120, 1]
    3[04] (bBiB)[-1, 3, 3300, 1]
    3[04] (bBiB)[-1, 3, 3310, 1]
    3[04] (bBiB)[-1, 3, 3400, 1]
    3[04] (bBiB)[-1, 3, 3410, 1]
    3[04] (bBiB)[-1, 3, 3500, 1]
    3[04] (bBiB)[-1, 3, 3510, 1]
    3[04] (bBiB)[-1, 3, 3520, 1]
    3[04] (bBiB)[-1, 3, 3530, 1]
    3[04] (bBiB)[-1, 3, 3540, 1]
    3[04] (bBiB)[-1, 3, 3550, 1]
    3[04] (bBiB)[-1, 3, 3600, 1]
    3[04] (bBiB)[-1, 3, 3610, 1]
    3[04] (bBiB)[-1, 3, 3700, 1]
    3[04] (bBiB)[-1, 3, 4000, 1]
    3[04] (bBiB)[-1, 3, 4010, 1]
    3[04] (bBiB)[-1, 3, 4020, 1]
    3[04] (bBiB)[-1, 3, 4030, 1]
    3[04] (bBiB)[-1, 3, 4040, 1]
    3[04] (bBiB)[-1, 3, 4050, 1]
    3[04] (bBiB)[-1, 3, 4060, 1]
    3[04] (bBiB)[-1, 3, 4100, 1]
    3[04] (bBiB)[-1, 3, 4110, 1]
    3[04] (bBiB)[-1, 3, 4200, 1]
    3[04] (bBiB)[-1, 3, 4210, 1]
    3[04] (bBiB)[-1, 3, 4220, 1]
    3[04] (bBiB)[-1, 3, 4300, 1]
    3[04] (bBiB)[-1, 3, 4310, 1]
    3[04] (bBiB)[-1, 3, 4360, 1]
    3[04] (bBiB)[-1, 3, 4400, 1]
    3[04] (bBiB)[-1, 3, 4500, 1]
    3[04] (bBiB)[-1, 3, 4510, 1]
    3[04] (bBiB)[-1, 3, 4520, 1]
    3[04] (bBiB)[-1, 3, 5000, 1]
    3[04] (bBiB)[-1, 3, 5010, 1]
    3[04] (bBiB)[-1, 3, 5020, 1]
    3[04] (bBiB)[-1, 3, 5030, 1]
    3[04] (bBiB)[-1, 3, 5040, 1]
    3[04] (bBiB)[-1, 3, 5050, 1]
    3[04] (bBiB)[-1, 3, 5100, 1]
    3[04] (bBiB)[-1, 3, 5110, 1]
    3[04] (bBiB)[-1, 3, 5200, 1]
    3[04] (bBiB)[-1, 3, 5210, 1]
    3[04] (bBiB)[-1, 3, 5300, 1]
    3[04] (bBiB)[-1, 3, 5310, 1]
    3[04] (bBiB)[-1, 3, 5320, 1]
    3[04] (bBiB)[-1, 3, 5400, 1]
    3[04] (bBiB)[-1, 3, 5500, 1]
    3[04] (bBiB)[-1, 3, 5510, 1]
    3[04] (bBiB)[-1, 3, 5520, 1]
    3[04] (bBiB)[-1, 3, 5600, 1]
    3[04] (bBiB)[-1, 3, 5610, 1]
    3[04] (bBiB)[-1, 3, 5700, 1]
    3[04] (bBiB)[-1, 3, 5710, 1]
    3[04] (bBiB)[-1, 3, 5800, 1]
    3[04] (bBiB)[-1, 3, 5810, 1]
    3[04] (bBiB)[-1, 3, 5900, 1]
    3[04] (bBiB)[-1, 3, 5910, 1]
    3[04] (bBiB)[-1, 3, 3710, 1]
    3[04] (bBiB)[-1, 3, 3720, 1]
    3[04] (bBiB)[-1, 3, 3730, 1]
    3[04] (bBiB)[-1, 3, 3740, 1]
    3[04] (bBiB)[-1, 3, 4530, 1]
    0[00] (bBb)[0, 1, -1]
 2003[02] (iB)[719, 1]

720, 0
 1003[02] (BBBi)[0, 1, 1, 0]
    3[04] (bBiB)[-1, 3, 4020, 1]
    3[04] (bBiB)[-1, 3, 4030, 1]
    3[04] (bBiB)[-1, 3, 4040, 1]
    3[04] (bBiB)[-1, 3, 4060, 1]
    3[04] (bBiB)[-1, 3, 4110, 1]
    3[04] (bBiB)[-1, 3, 4500, 1]
    3[04] (bBiB)[-1, 3, 4510, 1]
    3[04] (bBiB)[-1, 3, 4520, 1]
    0[00] (bBb)[0, 1, -1]
 2003[02] (iB)[11020102, 1]

730, 0
    3[00] (bBBi)[1, 0, 0, 732]
    3[00] (bBBi)[1, 1, 0, 8000]
    0[00] (bBb)[0, 1, 1]
 2003[02] (iB)[732, 1]
 2003[02] (iB)[735, 1]
 1000[04] (B)[1]

731, 0
    3[00] (bBBi)[0, 0, 0, 8000]
 2003[02] (iB)[732, 0]
 2003[02] (iB)[735, 0]
    3[00] (bBBi)[0, 1, 0, 8000]
 1000[04] (B)[1]

250, 0
 1003[02] (BBBi)[0, 1, 2, 0]
    3[04] (bBiB)[0, 3, 0, 1]
    ^(4 <- 0, 4)
 2003[02] (iB)[0, 1]
    ^(0 <- 4, 4)

350, 0
 1003[01] (BBBi)[2, 0, 2, 0]
    3[04] (bBiB)[1, 3, 0, 1]
    ^(4 <- 4, 4)
 1000[02] (BBb)[0, 0, 1]
    3[00] (bBBi)[0, 1, 0, 0]
    ^(4 <- 0, 4)
 2003[24] (iii)[3, 0, 1]
    ^(4 <- 4, 4)

780, 0
 2003[02] (iB)[0, 0]
    ^(0 <- 4, 4)
    3[04] (bBiB)[0, 3, 0, 1]
    ^(4 <- 0, 4)
 2003[02] (iB)[0, 1]
    ^(0 <- 4, 4)
    3[04] (bBiB)[0, 3, 0, 0]
    ^(4 <- 0, 4)
 1000[04] (B)[1]

870, 0
    4[12] (bB)[0, 0]
    ^(1 <- 0, 1)
 2003[02] (iB)[0, 1]
    ^(0 <- 4, 4)
    4[12] (bB)[1, 0]
    ^(1 <- 0, 1)
    0[00] (bBb)[0, 0, 1]
 2003[02] (iB)[0, 0]
    ^(0 <- 4, 4)
 1000[04] (B)[1]

260, 0
 1003[02] (BBBi)[0, 1, 0, 0]
    ^(4 <- 0, 4)
    3[00] (bBBi)[0, 1, 0, 0]
    ^(4 <- 0, 4)
 1001[00] (f)[0.0]
    ^(0 <- 8, 4)
 2007[03] (iB)[0, 1]
    ^(0 <- 4, 4)

970, 0
 1003[02] (BBBi)[0, 1, 0, 0]
    ^(4 <- 0, 4)
    3[00] (bBBi)[0, 1, 0, 0]
    ^(4 <- 0, 4)
 1000[05] (Bbii)[1, 0, 0, 0]
    ^(4 <- 4, 4)
 2003[36] (i)[0]
    ^(0 <- 4, 4)
 2000[02] (B)[0]
 1001[00] (f)[5.0]
 1000[05] (Bbii)[1, 0, 0, 0]
    ^(4 <- 8, 4)
 2003[36] (i)[0]
    ^(0 <- 8, 4)
 1000[05] (Bbii)[1, 0, 0, 0]
    ^(4 <- 12, 4)
 2003[36] (i)[0]
    ^(0 <- 12, 4)

911, 0
 1003[02] (BBBi)[0, 1, 0, 0]
    ^(4 <- 0, 4)
    3[00] (bBBi)[0, 1, 0, 0]
    ^(4 <- 0, 4)
 2003[36] (i)[0]
    ^(0 <- 4, 4)
 2003[02] (iB)[0, 0]
    ^(0 <- 0, 4)
    ^(4 <- 8, 1)
 1003[02] (BBBi)[0, 1, 0, 0]
    ^(4 <- 0, 4)
 1000[04] (B)[1]

890, 0
 1003[02] (BBBi)[0, 1, 0, 0]
    ^(4 <- 0, 4)
    3[00] (bBBi)[0, 1, 0, 0]
    ^(4 <- 0, 4)
 2003[36] (i)[0]
    ^(0 <- 4, 4)
 2003[02] (iB)[0, 0]
    ^(0 <- 0, 4)
    ^(4 <- 8, 1)
 1003[02] (BBBi)[0, 1, 0, 0]
    ^(4 <- 0, 4)
 1000[04] (B)[1]

960, 0
 1003[02] (BBBi)[0, 1, 2, 0]
    3[00] (bBBi)[1, 1, 0, 0]
    ^(4 <- 0, 4)
    4[00] (biB)[1, 0, 1]
    ^(4 <- 4, 4)
    0[00] (bBb)[0, 1, 1]
 2003[36] (i)[0]
    ^(0 <- 8, 4)

8200, 0
 1003[02] (BBBi)[0, 1, 0, 0]
    ^(4 <- 8, 4)
    3[17] (bBB)[1, 4, 1]
 1000[02] (BBb)[0, 0, 1]
    3[16] (bBiB)[2, 0, 0, 1]
    ^(1 <- 0, 1)
    ^(4 <- 4, 4)
 1000[02] (BBb)[0, 0, 2]
 2003[02] (iB)[0, 1]
    ^(0 <- 8, 4)
 2003[02] (iB)[0, 1]
    ^(0 <- 12, 4)

8300, 0
 1003[02] (BBBi)[0, 1, 0, 0]
    ^(4 <- 8, 4)
    3[17] (bBB)[1, 4, 1]
 1000[02] (BBb)[0, 0, 1]
    3[16] (bBiB)[2, 0, 0, 1]
    ^(1 <- 0, 1)
    ^(4 <- 4, 4)
 1000[02] (BBb)[0, 0, 2]
 2003[02] (iB)[0, 1]
    ^(0 <- 8, 4)

8090, 0
 1003[02] (BBBi)[0, 1, 0, 0]
    ^(4 <- 8, 4)
    3[17] (bBB)[1, 4, 1]
 1000[02] (BBb)[0, 0, 1]
    3[16] (bBiB)[2, 0, 0, 1]
    ^(1 <- 0, 1)
    ^(4 <- 4, 4)
 1000[02] (BBb)[0, 0, 2]
 2003[02] (iB)[0, 1]
    ^(0 <- 8, 4)

910, 0
 1003[01] (BBBi)[2, 1, 0, 0]
    ^(4 <- 0, 4)
    3[00] (bBBi)[0, 1, 0, 0]
    ^(4 <- 0, 4)
 2003[36] (i)[0]
    ^(0 <- 4, 4)
    3[00] (bBBi)[0, 0, 0, 0]
    ^(4 <- 0, 4)
 1000[04] (B)[1]

690, 0
 1003[01] (BBBi)[1, 1, 2, 0]
    3[00] (bBBi)[0, 1, 0, 0]
    ^(4 <- 12, 4)
 1003[01] (BBBi)[1, 1, 0, 2]
    3[00] (bBBi)[-1, 1, 0, 2]
 1003[01] (BBBi)[1, 1, 0, 3]
    3[00] (bBBi)[-1, 1, 0, 3]
 1003[01] (BBBi)[1, 1, 0, 4]
    3[00] (bBBi)[-1, 1, 0, 4]
 1003[01] (BBBi)[1, 1, 0, 5]
    3[00] (bBBi)[-1, 1, 0, 5]
 1003[01] (BBBi)[1, 1, 0, 6]
    3[00] (bBBi)[-1, 1, 0, 6]
 1003[01] (BBBi)[1, 1, 0, 7]
    3[00] (bBBi)[-1, 1, 0, 7]
 1003[01] (BBBi)[1, 1, 0, 8]
    3[00] (bBBi)[-1, 1, 0, 8]
 1003[01] (BBBi)[1, 1, 0, 9]
    3[00] (bBBi)[-1, 1, 0, 9]
 1003[01] (BBBi)[1, 1, 0, 10]
    3[00] (bBBi)[-1, 1, 0, 10]
 1003[01] (BBBi)[1, 1, 0, 11]
    3[00] (bBBi)[-1, 1, 0, 11]
 1003[01] (BBBi)[1, 1, 0, 12]
    3[00] (bBBi)[-1, 1, 0, 12]
 1003[01] (BBBi)[1, 1, 0, 13]
    3[00] (bBBi)[-1, 1, 0, 13]
 1003[01] (BBBi)[1, 1, 0, 14]
    3[00] (bBBi)[-1, 1, 0, 14]
 1003[01] (BBBi)[1, 1, 0, 15]
    3[00] (bBBi)[-1, 1, 0, 15]
    0[00] (bBb)[0, 1, -1]
 2003[31] (iII)[0, 1, 0]
    ^(0 <- 0, 4)
    ^(4 <- 4, 4)
    ^(8 <- 8, 4)
 1000[04] (B)[1]

721, 0
 1003[02] (BBBi)[0, 1, 0, 728]
    3[00] (bBBi)[1, 1, 0, 11707000]
    3[00] (bBBi)[1, 1, 0, 11707010]
    3[00] (bBBi)[1, 1, 0, 11707020]
    3[00] (bBBi)[1, 1, 0, 11707030]
    3[00] (bBBi)[1, 1, 0, 11707040]
    3[00] (bBBi)[1, 1, 0, 11707050]
    3[00] (bBBi)[1, 1, 0, 11707060]
    3[00] (bBBi)[1, 1, 0, 11707070]
    0[00] (bBb)[0, 1, 1]
 2003[02] (iB)[721, 1]
    3[00] (bBBi)[2, 1, 0, 11707090]
    3[00] (bBBi)[2, 1, 0, 11707100]
    3[00] (bBBi)[2, 1, 0, 11707110]
    0[00] (bBb)[0, 1, 2]
 2003[02] (iB)[728, 1]

722, 0
 1003[02] (BBBi)[0, 1, 1, 0]
    3[00] (bBBi)[1, 1, 0, 11407120]
    3[00] (bBBi)[1, 1, 0, 11407130]
    3[00] (bBBi)[1, 1, 0, 11407150]
    3[00] (bBBi)[1, 1, 0, 11407160]
    3[00] (bBBi)[1, 1, 0, 11407170]
    3[00] (bBBi)[1, 1, 0, 11407140]
    3[00] (bBBi)[1, 1, 0, 11407180]
    3[00] (bBBi)[1, 1, 0, 11407190]
    3[00] (bBBi)[1, 1, 0, 10]
    3[04] (bBiB)[1, 0, 1332500, 1]
    0[00] (bBb)[0, 1, 1]
 2003[02] (iB)[722, 1]

723, 0
 1003[02] (BBBi)[0, 1, 1, 0]
    3[00] (bBBi)[1, 1, 0, 11027130]
    3[00] (bBBi)[1, 1, 0, 11027140]
    3[00] (bBBi)[1, 1, 0, 11027150]
    3[00] (bBBi)[1, 1, 0, 11027160]
    3[00] (bBBi)[1, 1, 0, 11027170]
    3[00] (bBBi)[1, 1, 0, 11027180]
    3[00] (bBBi)[1, 1, 0, 11027190]
    3[00] (bBBi)[1, 1, 0, 11027200]
    3[00] (bBBi)[1, 1, 0, 11027210]
    3[00] (bBBi)[1, 1, 0, 11027220]
    3[00] (bBBi)[1, 1, 0, 11027230]
    3[00] (bBBi)[1, 1, 0, 11027240]
    0[00] (bBb)[0, 1, 1]
 2003[02] (iB)[723, 1]

724, 0
 1003[02] (BBBi)[0, 1, 1, 0]
    3[00] (bBBi)[1, 1, 0, 11017050]
    3[00] (bBBi)[1, 1, 0, 11017060]
    3[00] (bBBi)[1, 1, 0, 11017070]
    3[00] (bBBi)[1, 1, 0, 11017080]
    3[00] (bBBi)[1, 1, 0, 11017090]
    3[00] (bBBi)[1, 1, 0, 11017100]
    3[00] (bBBi)[1, 1, 0, 11017110]
    3[00] (bBBi)[1, 1, 0, 11017120]
    3[00] (bBBi)[1, 1, 0, 11017130]
    0[00] (bBb)[0, 1, 1]
 2003[02] (iB)[724, 1]

725, 0
 1003[02] (BBBi)[0, 1, 1, 0]
    3[10] (bBiibi)[0, 0, 11707100, 11707190, 4, 2]
 2003[02] (iB)[725, 1]

726, 0
 1003[02] (BBBi)[0, 1, 1, 0]
    3[10] (bBiibi)[0, 0, 11607000, 11607090, 4, 2]
 2003[02] (iB)[726, 1]

727, 0
 1003[02] (BBBi)[0, 1, 1, 0]
    3[00] (bBBi)[1, 1, 0, 11327000]
    3[00] (bBBi)[1, 1, 0, 11327010]
    3[00] (bBBi)[1, 1, 0, 11327020]
    3[00] (bBBi)[1, 1, 0, 11327030]
    3[00] (bBBi)[1, 1, 0, 11327040]
    3[00] (bBBi)[1, 1, 0, 11327050]
    3[00] (bBBi)[1, 1, 0, 11327060]
    3[00] (bBBi)[1, 1, 0, 11327070]
    3[00] (bBBi)[1, 1, 0, 11327080]
    3[00] (bBBi)[1, 1, 0, 11327090]
    0[00] (bBb)[0, 1, 1]
 2003[02] (iB)[727, 1]

740, 0
    4[11] (bB)[0, 7]
 2003[02] (iB)[740, 1]

745, 0
    3[00] (bBBi)[7, 1, 0, 1604]
    3[00] (bBBi)[7, 1, 0, 1764]
 1000[01] (BBb)[1, 0, 7]
    3[00] (bBBi)[0, 1, 0, 703]
 1003[01] (BBBi)[1, 1, 0, 1604]
    3[00] (bBBi)[-1, 1, 0, 1604]
 1003[01] (BBBi)[1, 1, 0, 1764]
    3[00] (bBBi)[-1, 1, 0, 1764]
    0[00] (bBb)[1, 1, -1]
    0[00] (bBb)[0, 1, 1]
 1000[04] (B)[0]

754, 0
 2003[02] (iB)[754, 0]
    3[00] (bBBi)[0, 1, 0, 754]
 2003[02] (iB)[754, 0]
 2004[08] (ii)[10000, 4600]
 2004[08] (ii)[10000, 4601]
 2006[03] (iiii)[2, 10000, 7, 22715]
 1000[04] (B)[1]

770, 0
    3[00] (bBBi)[0, 1, 0, 755]
 2003[02] (iB)[755, 0]
 2003[02] (iB)[742, 0]
 2003[02] (iB)[743, 0]
 2003[02] (iB)[744, 0]
 2003[02] (iB)[745, 0]
 2003[02] (iB)[746, 0]
 2003[22] (iiB)[11000501, 11000519, 0]
 2003[22] (iiB)[11010501, 11010519, 0]
 2003[22] (iiB)[11020501, 11020529, 0]
 2003[22] (iiB)[11100501, 11100519, 0]
 2003[22] (iiB)[11200501, 11200519, 0]
 2003[22] (iiB)[11300501, 11300519, 0]
 2003[22] (iiB)[11310501, 11310519, 0]
 2003[22] (iiB)[11320501, 11320519, 0]
 2003[22] (iiB)[11400501, 11400519, 0]
 2003[22] (iiB)[11410501, 11410519, 0]
 2003[22] (iiB)[11500501, 11500519, 0]
 2003[22] (iiB)[11510501, 11510519, 0]
 2003[22] (iiB)[11600501, 11600519, 0]
 2003[22] (iiB)[11700501, 11700519, 0]
 2003[22] (iiB)[11800501, 11800519, 0]
 2003[22] (iiB)[11810501, 11810519, 0]
 2003[22] (iiB)[11210501, 11210519, 0]
 2003[02] (iB)[1004, 0]
 2003[02] (iB)[1033, 0]
 2003[02] (iB)[1096, 0]
 2003[02] (iB)[1114, 0]
 2003[02] (iB)[1176, 0]
 2003[02] (iB)[1179, 0]
 2003[02] (iB)[1195, 0]
 2003[02] (iB)[1197, 0]
 2003[02] (iB)[1213, 0]
 2003[02] (iB)[1223, 0]
 2003[02] (iB)[1241, 0]
 2003[02] (iB)[1253, 0]
 2003[02] (iB)[1282, 0]
 2003[02] (iB)[1283, 0]
 2003[02] (iB)[1287, 0]
 2003[02] (iB)[1294, 0]
 2003[02] (iB)[1314, 0]
 2003[02] (iB)[1321, 0]
 2003[02] (iB)[1341, 0]
 2003[02] (iB)[1361, 0]
 2003[02] (iB)[1381, 0]
 2003[02] (iB)[1401, 0]
 2003[02] (iB)[1411, 0]
 2003[02] (iB)[1421, 0]
 2003[02] (iB)[1434, 0]
 2003[02] (iB)[1461, 0]
 2003[02] (iB)[1512, 0]
 2003[02] (iB)[1547, 0]
 2003[02] (iB)[1574, 0]
 2003[02] (iB)[1603, 0]
 2003[02] (iB)[1627, 0]
 2003[02] (iB)[1646, 0]
 2003[02] (iB)[1675, 0]
 2003[02] (iB)[1691, 0]
 2003[02] (iB)[1710, 1]
 2003[02] (iB)[1711, 0]
 2003[02] (iB)[1712, 0]
 2003[02] (iB)[11200596, 0]
 2003[02] (iB)[71200035, 0]
 2003[02] (iB)[71200042, 0]
 2003[02] (iB)[1763, 0]
 2003[02] (iB)[1822, 0]
 2003[02] (iB)[1841, 0]
 2003[02] (iB)[1863, 0]
 2003[02] (iB)[1871, 0]
 2004[02] (iB)[6001, 8]
 2004[02] (iB)[6040, 8]
 2004[02] (iB)[6072, 8]
 2004[02] (iB)[6190, 8]
 2004[02] (iB)[6230, 8]
 2004[02] (iB)[6300, 8]
 1000[04] (B)[1]

772, 0
    3[00] (bBBi)[0, 0, 0, 744]
    3[00] (bBBi)[-1, 1, 0, 1004]
    3[00] (bBBi)[-1, 1, 0, 1033]
    3[00] (bBBi)[-1, 1, 0, 1096]
    3[00] (bBBi)[-1, 1, 0, 1114]
    3[00] (bBBi)[-1, 1, 0, 1176]
    3[00] (bBBi)[-1, 1, 0, 1179]
    3[00] (bBBi)[-1, 1, 0, 1195]
    3[00] (bBBi)[-1, 1, 0, 1197]
    3[00] (bBBi)[-1, 1, 0, 1213]
    3[00] (bBBi)[-1, 1, 0, 1223]
    3[00] (bBBi)[-1, 1, 0, 1241]
    3[00] (bBBi)[-1, 1, 0, 1253]
    3[00] (bBBi)[-1, 1, 0, 1282]
    3[00] (bBBi)[-1, 1, 0, 1283]
    3[00] (bBBi)[-1, 1, 0, 1287]
    3[00] (bBBi)[-1, 1, 0, 1294]
    3[00] (bBBi)[-1, 1, 0, 1314]
    3[00] (bBBi)[-1, 1, 0, 1321]
    3[00] (bBBi)[-1, 1, 0, 1341]
    3[00] (bBBi)[-1, 1, 0, 1361]
    3[00] (bBBi)[-1, 1, 0, 1381]
    3[00] (bBBi)[-1, 1, 0, 1401]
    3[00] (bBBi)[-1, 1, 0, 1411]
    3[00] (bBBi)[-1, 1, 0, 1421]
    3[00] (bBBi)[-1, 1, 0, 1434]
    3[00] (bBBi)[-1, 1, 0, 1461]
    3[00] (bBBi)[-1, 1, 0, 1512]
    3[00] (bBBi)[-1, 1, 0, 1547]
    3[00] (bBBi)[-1, 1, 0, 1574]
    3[00] (bBBi)[-1, 1, 0, 1603]
    3[00] (bBBi)[-1, 1, 0, 1627]
    3[00] (bBBi)[-1, 1, 0, 1646]
    3[00] (bBBi)[-1, 1, 0, 1675]
    3[00] (bBBi)[-1, 1, 0, 1691]
    3[00] (bBBi)[-1, 1, 0, 1711]
    3[00] (bBBi)[-1, 1, 0, 1712]
    3[00] (bBBi)[-1, 1, 0, 71200035]
    3[00] (bBBi)[-1, 1, 0, 71200042]
    3[00] (bBBi)[-1, 1, 0, 1763]
    3[00] (bBBi)[-1, 1, 0, 1822]
    3[00] (bBBi)[-1, 1, 0, 1841]
    3[00] (bBBi)[-1, 1, 0, 1863]
    3[00] (bBBi)[-1, 1, 0, 1871]
    0[00] (bBb)[0, 1, -1]
 2003[02] (iB)[744, 1]
    3[00] (bBBi)[0, 0, 0, 744]
 1000[04] (B)[1]

761, 0
 2000[02] (B)[0]
    3[00] (bBBi)[0, 1, 0, 760]
 1001[01] (i)[200]
 2003[02] (iB)[760, 0]
 1000[04] (B)[1]

763, 0
 2000[02] (B)[0]
    3[00] (bBBi)[0, 1, 0, 762]
 2003[18] (iiBBB)[10000, 7697, 0, 0, 0]
 1001[00] (f)[3.5]
 2003[02] (iB)[762, 0]
 1001[00] (f)[2.799999952316284]
 2003[02] (iB)[764, 0]
 2003[18] (iiBBB)[10000, 7701, 1, 0, 0]
 1000[04] (B)[1]

750, 0
 2000[02] (B)[0]
    4[05] (biiB)[-1, 10000, 71, 1]
    4[05] (biiB)[-1, 10000, 72, 1]
    4[05] (biiB)[-1, 10000, 73, 1]
    4[05] (biiB)[-1, 10000, 74, 1]
    3[00] (bBBi)[-1, 1, 0, 751]
    0[00] (bBb)[0, 1, -1]
 2003[02] (iB)[751, 1]
    4[05] (biiB)[1, 10000, 71, 0]
    4[05] (biiB)[1, 10000, 72, 0]
    4[05] (biiB)[1, 10000, 73, 0]
    4[05] (biiB)[1, 10000, 74, 0]
    0[00] (bBb)[0, 1, 1]
 2003[02] (iB)[751, 0]
 1000[04] (B)[1]

752, 0
 2000[02] (B)[0]
    4[05] (biiB)[-1, 10000, 5213, 1]
    4[05] (biiB)[-1, 10000, 5214, 1]
    3[00] (bBBi)[-1, 1, 0, 753]
    0[00] (bBb)[0, 1, -1]
 2003[02] (iB)[753, 1]
    4[05] (biiB)[1, 10000, 5213, 0]
    4[05] (biiB)[1, 10000, 5214, 0]
    0[00] (bBb)[0, 1, 1]
 2003[02] (iB)[753, 0]
 2003[02] (iB)[11400591, 0]
 1000[04] (B)[1]

757, 0
 1003[01] (BBBi)[1, 0, 0, 757]
 2007[03] (iB)[10010660, 1]
 2003[02] (iB)[757, 0]
    3[06] (bb)[1, 0]
    4[05] (biiB)[1, 10000, 71, 0]
    4[05] (biiB)[1, 10000, 72, 0]
    4[05] (biiB)[1, 10000, 73, 0]
    4[05] (biiB)[1, 10000, 74, 0]
    4[05] (biiB)[-1, 10000, 33, 1]
    4[05] (biiB)[-1, 10000, 34, 1]
    0[00] (bBb)[1, 1, -1]
    0[00] (bBb)[0, 1, 1]
 1000[04] (B)[0]

758, 0
 1003[01] (BBBi)[1, 0, 1, 0]
 2007[03] (iB)[10010670, 1]
 2003[02] (iB)[758, 0]
    3[06] (bb)[1, 0]
    4[02] (bibf)[1, 10000, 5, 0.0]
    4[05] (biiB)[1, 10000, 2130, 1]
    0[00] (bBb)[0, 1, 1]
    3[06] (bb)[2, 0]
    4[00] (biB)[2, 10000, 1]
    4[05] (biiB)[2, 10000, 2130, 0]
    0[00] (bBb)[0, 1, 2]
 1000[04] (B)[0]

759, 0
 1003[01] (BBBi)[1, 0, 1, 0]
 2007[03] (iB)[10010680, 1]
 2003[02] (iB)[759, 0]
    3[06] (bb)[1, 0]
    4[02] (bibf)[1, 10000, 5, 0.0]
    4[05] (biiB)[1, 10000, 2131, 1]
    0[00] (bBb)[0, 1, 1]
    3[06] (bb)[2, 0]
    4[00] (biB)[2, 10000, 1]
    4[05] (biiB)[2, 10000, 2131, 0]
    0[00] (bBb)[0, 1, 2]
 1000[04] (B)[0]

818, 0
 1003[01] (BBBi)[2, 1, 0, 11510150]
    3[00] (bBBi)[0, 1, 0, 11510150]
 2007[03] (iB)[10010690, 1]
    3[00] (bBBi)[1, 1, 0, 11510150]
    3[08] (bBBB)[1, 0, 15, 1]
    0[00] (bBb)[0, 1, 1]
 2003[02] (iB)[11510150, 0]
 1000[04] (B)[1]

810, 0
 1003[02] (BBBi)[0, 1, 1, 0]
    3[00] (bBBi)[0, 1, 0, 50001031]
 2003[02] (iB)[810, 1]

812, 0
 1003[02] (BBBi)[0, 1, 2, 0]
    3[00] (bBBi)[0, 1, 0, 0]
    ^(4 <- 0, 4)
 1000[04] (B)[0]

822, 0
    3[00] (bBBi)[0, 1, 0, 830]
    1[00] (bf)[1, 0.5]
    3[08] (bBBB)[1, 0, 18, 0]
    0[00] (bBb)[0, 1, 1]
 2003[02] (iB)[830, 0]
 1000[04] (B)[1]

823, 0
    3[00] (bBBi)[0, 1, 0, 831]
    1[00] (bf)[1, 0.5]
    3[08] (bBBB)[1, 0, 18, 0]
    0[00] (bBb)[0, 1, 1]
 2003[02] (iB)[831, 0]
 1000[04] (B)[1]

840, 0
 2003[02] (iB)[0, 0]
    ^(0 <- 0, 4)
    3[00] (bBBi)[0, 1, 0, 0]
    ^(4 <- 0, 4)
 1003[01] (BBBi)[2, 1, 0, 844]
 1003[01] (BBBi)[1, 1, 0, 847]
 2004[14] (ii)[10000, 0]
    ^(4 <- 8, 4)
 2003[18] (iiBBB)[10000, -1, 0, 0, 0]
    ^(4 <- 4, 4)
 1001[00] (f)[1.0]
 2010[02] (iii)[10000, 5, 123456789]
 1001[00] (f)[4.0]
 1000[05] (Bbii)[1, 0, 0, -1]
    ^(4 <- 12, 4)
 2003[18] (iiBBB)[10000, -1, 1, 0, 0]
    ^(4 <- 12, 4)
 1000[04] (B)[1]

766, 0
    3[22] (bB)[1, 1]
 1000[02] (BBb)[0, 1, 1]
 2003[02] (iB)[765, 1]