0, 0
 2000[00] (iII)[0, 11010008, 0]
 2003[02] (iB)[11010580, 0]
 1003[01] (BBBi)[2, 0, 0, 61010610]
 2005[07] (ii)[1011101, 2]
 2003[13] (iIB)[1013100, 1, 0]
 1003[05] (Bb)[22, 1]
 2005[03] (iB)[1011994, 0]
 2006[01] (iB)[1011995, 0]
 2005[03] (iB)[1011996, 0]
 2006[01] (iB)[1011997, 0]
 2005[03] (iB)[1011998, 0]
 2006[01] (iB)[1011999, 0]
 2005[03] (iB)[1011988, 0]
 2006[01] (iB)[1011989, 0]
 2005[03] (iB)[1011986, 0]
 2006[01] (iB)[1011987, 0]
 2005[03] (iB)[1011984, 0]
 2006[01] (iB)[1011985, 0]
 2005[03] (iB)[1011982, 0]
 2006[01] (iB)[1011983, 0]
 2005[03] (iB)[1011980, 0]
 2006[01] (iB)[1011981, 0]
 2005[03] (iB)[1011978, 0]
 2006[01] (iB)[1011979, 0]
 2005[03] (iB)[1011976, 0]
 2006[01] (iB)[1011977, 0]
 2005[03] (iB)[1011974, 0]
 2006[01] (iB)[1011975, 0]
 2000[00] (iII|III)[0, 11010090, 1011700, 1011701, 1012600, 1012601]
 2000[00] (iII|III)[1, 11010090, 1011702, 1011703, 1012602, 1012603]
 2000[00] (iII)[0, 11015070, 0]
 2000[00] (iII)[0, 11015071, 0]
 2000[00] (iII)[0, 11015072, 0]
 2000[00] (iII)[0, 11010903, 0]
 2000[00] (iII)[0, 11015110, 0]
 2000[00] (iII)[0, 11015113, 0]
 2000[00] (iII)[0, 11015112, 0]
 2000[00] (iII)[0, 11015130, 0]
 2000[00] (iII)[0, 11010710, 0]
 2000[00] (iII)[0, 11010111, 0]
 2000[00] (iII)[0, 11010120, 0]
 2000[00] (iII|II)[0, 11010150, 11010160, 1012401, 1012400]
 2000[00] (iII|I)[0, 11010160, 11010160, 1011314]
 2000[00] (iII|II)[1, 11010170, 11010171, 10010873, 1011306]
 2000[00] (iII|II)[2, 11010170, 11010172, 10010860, 1011311]
 2000[00] (iII|II)[1, 11010180, 11010181, 10010881, 1011317]
 2000[00] (iII|IIII)[0, 11010140, 11010140, 10010881, 1011310, 10010883, 2021]
 2000[00] (iII|IIII)[0, 11010190, 11010190, 10010876, 1011308, 10010883, 2017]
 2000[00] (iII|IIII)[1, 11010190, 11010191, 10010878, 1011315, 10010883, 2019]
 2000[00] (iII|IIII)[2, 11010190, 11010192, 10010878, 1011316, 10010883, 2019]
 2000[00] (iII|IIII)[0, 11010101, 1011320, 1, 101, 121, 7110]
 2000[00] (iII|II)[0, 11010102, 11010142, 1011320, 100]
 2000[00] (iII)[0, 11015185, 0]
 2000[00] (iII)[0, 11010611, 0]
 2000[00] (iII)[0, 11010600, 0]
 2000[00] (iII)[0, 11010601, 0]
 2000[00] (iII)[0, 11015116, 0]
 2000[00] (iII)[0, 11010609, 0]
 2000[00] (iII)[0, 11010607, 0]
 2000[00] (iII)[0, 11010608, 0]
 2000[00] (iII)[0, 11010621, 0]
 2000[00] (iII)[0, 11010700, 0]
 2000[00] (iII)[0, 11015170, 0]
 2000[00] (iII)[0, 11010100, 0]
 2000[00] (iII)[0, 11010780, 0]
 2000[00] (iII)[0, 11010580, 0]
 2000[00] (iII)[0, 11010585, 0]
 2010[03] (iB)[1013800, 0]
 1003[01] (BBBi)[1, 1, 0, 3]
 2010[03] (iB)[1013801, 0]
 1003[01] (BBBi)[6, 0, 0, 3]
 2000[00] (iII)[0, 11015392, 0]
 2005[03] (iB)[1011990, 0]
 2006[01] (iB)[1011991, 0]
 2005[03] (iB)[1011992, 0]
 2006[01] (iB)[1011993, 0]
 1000[03] (B)[11]
 2000[00] (iII)[0, 11010000, 0]
 2000[00] (iII)[0, 11015390, 0]
 2000[00] (iII)[0, 11015391, 0]
 2000[00] (iII)[0, 11015393, 0]
 2000[00] (iII)[0, 11015392, 0]
 2000[00] (iII)[0, 11010001, 0]
 2000[00] (iII)[0, 11015394, 0]
 2000[00] (iII)[0, 11015395, 0]
 2000[00] (iII)[0, 11015396, 0]
 2000[00] (iII|I)[0, 11010750, 1010800, 53500000]
 2000[00] (iII|I)[1, 11010750, 1010801, 53500100]
 2000[00] (iII|III)[0, 11015397, 1010800, 5350, 5350, 1010810]
 2000[00] (iII|I)[0, 11015398, 1010801, 1010811]
 2010[03] (iB)[1013802, 0]
 1003[01] (BBBi)[6, 0, 0, 11010901]
 2000[00] (iII)[0, 11010901, 0]
 2005[03] (iB)[1011890, 0]
 2006[01] (iB)[1011891, 0]
 2005[03] (iB)[1011892, 0]
 2006[01] (iB)[1011893, 0]
 1000[03] (B)[8]
 2000[00] (iII)[0, 11015380, 0]
 2000[00] (iII)[0, 11015381, 0]
 2000[00] (iII)[0, 11015383, 0]
 2000[00] (iII)[0, 11015382, 0]
 2000[00] (iII)[0, 11015384, 0]
 2000[00] (iII)[0, 11015385, 0]
 2000[00] (iII)[0, 11015386, 0]
 2000[00] (iII)[0, 11010901, 0]
 2010[03] (iB)[1013803, 0]
 1003[01] (BBBi)[4, 0, 0, 11010902]
 2000[00] (iII)[0, 11010902, 0]
 2005[03] (iB)[1011790, 0]
 2006[01] (iB)[1011791, 0]
 1000[03] (B)[7]
 2000[00] (iII)[0, 11015370, 0]
 2000[00] (iII)[0, 11015371, 0]
 2000[00] (iII)[0, 11015373, 0]
 2000[00] (iII)[0, 11015372, 0]
 2000[00] (iII)[0, 11015374, 0]
 2000[00] (iII)[0, 11015375, 0]
 2000[00] (iII)[0, 11010902, 0]
 1003[01] (BBBi)[2, 0, 0, 11010900]
 2000[00] (iII)[0, 11010900, 0]
 1000[03] (B)[29]
 2000[00] (iII)[0, 11010899, 0]
 2000[00] (iII)[0, 11010900, 0]
 2000[00] (iII)[0, 11010782, 0]
 2000[00] (iII)[0, 11010783, 0]
 2000[00] (iII)[0, 11010790, 0]
 2000[00] (iII)[0, 11010791, 0]
 2000[00] (iII)[0, 11015301, 0]
 2000[00] (iII)[0, 11010784, 0]
 2000[00] (iII)[0, 11015302, 0]
 2000[00] (iII)[0, 11015303, 0]
 2000[00] (iII)[0, 11015304, 0]
 2000[00] (iII)[0, 11010851, 0]
 2000[00] (iII)[0, 11010852, 0]
 2000[00] (iII|IIIIII)[0, 11010890, 11015320, 11015321, 11015322, 11015323, 11015324, 11015325, 11015326]
 2000[00] (iII|IIIIII)[1, 11010890, 11015327, 11015328, 11015329, 11015330, 11015331, 11015332, 11015333]
 2000[00] (iII|IIIIII)[2, 11010890, 11015334, 11015335, 11015336, 11015337, 11015338, 11015339, 11015340]
 2000[00] (iII)[0, 11010850, 0]
 2000[00] (iII)[0, 11015307, 0]
 2000[00] (iII)[0, 11015308, 0]
 2000[00] (iII|I)[0, 11010200, 10, 3000]
 2000[00] (iII|I)[1, 11010200, 20, 3001]
 2000[00] (iII|I)[2, 11010200, 30, 3002]
 2000[00] (iII|I)[3, 11010200, 40, 3009]
 2000[00] (iII|I)[4, 11010200, 50, 3010]
 2000[00] (iII|I)[5, 11010200, 60, 7004]
 2000[00] (iII|I)[6, 11010200, 70, 7005]
 2000[00] (iII|I)[7, 11010200, 80, 7008]
 2000[00] (iII|I)[8, 11010200, 90, 7009]
 2000[00] (iII|I)[9, 11010200, 100, 7011]
 2000[00] (iII|III)[0, 11015250, 1010250, 1010250, 1084227584, 0]
 2000[00] (iII|III)[1, 11015250, 1010251, 1010250, 1085276160, 0]
 2000[00] (iII|III)[2, 11015250, 1010260, 1010260, 1084227584, 0]
 2000[00] (iII|III)[3, 11015250, 1010261, 1010260, 1082130432, 0]
 2000[00] (iII|III)[4, 11015250, 1010262, 1010260, 1077936128, 0]
 2000[00] (iII|III)[5, 11015250, 1010263, 1010260, 1077936128, 0]
 2000[00] (iII|II)[0, 11010130, 1011250, 1010150, 1012150]
 2000[00] (iII|II)[1, 11010130, 1011251, 1010151, 1012150]
 2000[00] (iII|II)[2, 11010130, 1011252, 1010152, 1012150]
 2000[00] (iII|II)[3, 11010130, 1011253, 1010153, 1012151]
 2000[00] (iII|II)[4, 11010130, 1011254, 1010154, 1012151]
 2000[00] (iII|II)[5, 11010130, 1011255, 1010155, 1012151]
 2000[00] (iII|II)[0, 11010860, 6580, 0, 0]
 2000[00] (iII|II)[1, 11010860, 1010350, 1, 27900000]
 2000[00] (iII|II)[2, 11010860, 1010351, 1, 27900100]
 2000[00] (iII|II)[3, 11010860, 1010320, 0, 0]
 2000[00] (iII|II)[4, 11010860, 1010340, 0, 0]
 2000[00] (iII|II)[5, 11010860, 1010370, 0, 0]
 2000[00] (iII|II)[6, 11010860, 6010, 0, 0]
 2000[00] (iII|I)[2, 11010400, 1011652, 1011502]
 2000[00] (iII|I)[3, 11010400, 1011653, 1011503]
 2000[00] (iII|I)[4, 11010400, 1011654, 1011504]
 2000[00] (iII|I)[0, 11010650, 1011670, 11010650]
 2000[00] (iII|I)[1, 11010650, 1011671, 11010651]

50, 0
 2000[00] (iII)[0, 11010583, 0]
 2004[45] (ii)[6580, 8972]
 2004[45] (ii)[6540, 8310]
 2004[45] (ii)[6590, 8462]
 2000[00] (iII)[0, 11015100, 0]
 2000[00] (iII)[0, 11015101, 0]
 2000[00] (iII)[0, 11015103, 0]
 2000[00] (iII)[0, 11015104, 0]
 2004[45] (ii)[6001, 8310]
 1003[01] (BBBi)[4, 1, 0, 1007]
 1003[01] (BBBi)[3, 1, 0, 1004]
 1003[01] (BBBi)[2, 1, 0, 1001]
 1003[01] (BBBi)[1, 1, 0, 1000]
 2004[05] (iB)[6001, 0]
 1003[01] (BBBi)[1, 1, 0, 11510594]
 1000[03] (B)[1]
 2004[40] (iBiii)[6001, 1, 1012530, -1, 1013050]
 2000[00] (iII|I)[0, 11010510, 6001, 1004]
 2000[00] (iII|III)[0, 11010520, 6001, 1000, 1029, 1005]
 2000[00] (iII|III)[0, 11010530, 6001, 1000, 1029, 1001]
 2000[00] (iII|III)[0, 11010531, 6001, 1000, 1029, 1007]
 2004[45] (ii)[6040, 8342]
 1003[03] (BBBii)[1, 1, 0, 1112, 1113]
 2004[05] (iB)[6040, 0]
 2000[00] (iII|I)[1, 11010510, 6040, 1114]
 2000[00] (iII|III)[1, 11010520, 6040, 1110, 1119, 1115]
 2000[00] (iII|III)[0, 11010532, 6040, 1110, 1119, 1111]
 2004[45] (ii)[6072, 8358]
 1003[01] (BBBi)[1, 1, 0, 1175]
 2004[05] (iB)[6072, 0]
 2000[00] (iII|III)[0, 11010533, 6072, 1170, 1189, 1175]
 2000[00] (iII|I)[0, 11010501, 6072, 1179]
 2000[00] (iII|III)[0, 11010535, 6072, 1170, 1189, 1180]
 2000[00] (iII|III)[0, 11010534, 6072, 1170, 1189, 1181]
 2000[00] (iII|III)[0, 11010537, 6072, 1170, 1189, 1177]
 2000[00] (iII)[0, 11010538, 0]
 2000[00] (iII)[0, 11010539, 0]
 2000[00] (iII)[0, 11010582, 0]
 2000[00] (iII|I)[3, 11010510, 6190, 1321]
 2000[00] (iII|III)[3, 11010520, 6190, 1320, 1339, 1322]
 2000[00] (iII|II)[0, 11015090, 1321, 1322, 1011010]
 2000[00] (iII|I)[4, 11010510, 6230, 1401]
 2000[00] (iII|III)[4, 11010520, 6230, 1400, 1409, 1402]
 2004[45] (ii)[6300, 8462]
 1003[05] (Bb)[1, 1]
 2003[02] (iB)[11010584, 0]
 1003[01] (BBBi)[3, 1, 0, 11010584]
 1003[01] (BBBi)[2, 1, 0, 1574]
 1003[01] (BBBi)[1, 1, 0, 1570]
 2004[05] (iB)[6300, 0]
 2000[00] (iII|I)[6, 11010510, 6300, 1574]
 2000[00] (iII|III)[6, 11010520, 6300, 1570, 1599, 1575]
 2000[00] (iII|III)[0, 11010550, 6300, 1570, 1599, 1571]
 2000[00] (iII|III)[0, 11010552, 6300, 1570, 1599, 1577]
 2000[00] (iII)[0, 11010551, 0]
 2004[45] (ii)[6370, 8486]
 1003[01] (BBBi)[1, 1, 0, 11010581]
 2004[05] (iB)[6370, 0]
 2000[00] (iII|I)[7, 11010510, 6370, 1701]
 2000[00] (iII|III)[7, 11010520, 6370, 1700, 1709, 1702]
 2000[00] (iII)[0, 11010581, 6370]

11010008, 0
 2009[03] (iiffi)[11010984, 1011961, 2.0, 180.0, 0]
 2009[03] (iiffi)[11010976, 1011962, 2.0, 180.0, 0]
 2009[03] (iiffi)[11010960, 1011964, 2.0, 180.0, 0]
 2009[00] (iii)[11010010, 11010011, 1011140]
 2009[00] (iii)[11010012, 11010013, 1011141]
 2009[00] (iii)[11010014, 11010015, 1011142]
 2009[00] (iii)[11010016, 11010017, 1011143]
 2009[00] (iii)[11010018, 11010019, 1011144]
 2009[00] (iii)[11010020, 11010021, 1011145]
 2009[00] (iii)[11010022, 11010023, 1011146]
 2009[00] (iii)[11010024, 11010025, 1011147]
 2009[00] (iii)[11010026, 11010027, 1011148]
 2009[00] (iii)[11010030, 11010031, 1011150]
 2009[00] (iii)[11010032, 11010033, 1011151]
 2009[00] (iii)[11010034, 11010035, 1011152]
 2005[09] (iiiiifff)[11010300, 1011450, 200, 5000, 1, 1.2000000476837158, 0.0, 1.0]
 2005[09] (iiiiifff)[11010308, 1011407, 100, 5000, 1, 0.699999988079071, 0.0, 1.0]
 2005[09] (iiiiifff)[11010309, 1011408, 100, 5000, 1, 0.699999988079071, 0.0, 1.0]

11010090, 0
 1003[01] (BBBi)[3, 0, 2, 0]
 2005[03] (iB)[0, 0]
    ^(0 <- 0, 4)
 2006[01] (iB)[0, 0]
    ^(0 <- 4, 4)
 1000[04] (B)[0]
    3[18] (biifhfiBii)[1, 1, 0, 0.0, -1, 0.0, 10010403, 48, 0, 0]
    ^(36 <- 0, 4)
    ^(8 <- 8, 4)
    3[18] (biifhfiBii)[2, 1, 0, 0.0, -1, 0.0, 10010407, 48, 0, 0]
    ^(36 <- 0, 4)
    ^(8 <- 12, 4)
    0[00] (bBb)[-1, 1, 1]
    0[00] (bBb)[-1, 1, 2]
    0[00] (bBb)[0, 1, -1]
 1000[07] (BBb)[2, 1, 2]
 2004[41] (iBii)[10000, 1, 0, -1]
    ^(8 <- 8, 4)
 1000[03] (B)[1]
 2004[41] (iBii)[10000, 1, 0, -1]
    ^(8 <- 12, 4)
 2003[18] (iiBBB)[10000, 7410, 0, 0, 0]
 2005[03] (iB)[0, 0]
    ^(0 <- 0, 4)
 2006[01] (iB)[0, 1]
    ^(0 <- 4, 4)

11015070, 1
 1003[02] (BBBi)[0, 1, 1, 0]
 2004[05] (iB)[1010900, 0]
 2004[05] (iB)[1010901, 0]
 2004[05] (iB)[1010902, 0]
 2004[05] (iB)[1010903, 0]
 2004[05] (iB)[1010904, 0]
 2004[05] (iB)[1010905, 0]
 2004[05] (iB)[1010906, 0]
 2004[05] (iB)[1010907, 0]
 2004[05] (iB)[1010908, 0]
 2004[05] (iB)[1010909, 0]
 2004[05] (iB)[1010910, 0]
 2004[05] (iB)[1010911, 0]
 2004[05] (iB)[1010912, 0]
    3[00] (bBBi)[0, 1, 0, 11010050]
 1003[02] (BBBi)[0, 1, 0, 735]
 2003[02] (iB)[5000, 1]
 2004[05] (iB)[1010900, 1]
 2004[05] (iB)[1010901, 1]
 2004[05] (iB)[1010902, 1]
 2004[05] (iB)[1010903, 1]
 2004[05] (iB)[1010904, 1]
 2004[05] (iB)[1010905, 1]
 2004[05] (iB)[1010906, 1]
 2004[05] (iB)[1010907, 1]
 2004[05] (iB)[1010908, 1]
 2004[05] (iB)[1010909, 1]
 2004[05] (iB)[1010910, 1]
 2004[05] (iB)[1010911, 1]
 2004[05] (iB)[1010912, 1]

11015071, 1
    3[00] (bBBi)[-1, 1, 0, 11015075]
    3[00] (bBBi)[-1, 1, 0, 735]
    0[00] (bBb)[0, 1, -1]
 1003[01] (BBBi)[1, 0, 0, 735]
 2003[02] (iB)[735, 0]
 2003[02] (iB)[11010050, 0]
 2003[02] (iB)[11015075, 0]
 2003[02] (iB)[5001, 1]
 2004[04] (iB)[1010900, 0]
 2004[04] (iB)[1010901, 0]
 2004[04] (iB)[1010902, 0]
 2004[04] (iB)[1010903, 0]
 2004[04] (iB)[1010904, 0]
 2004[04] (iB)[1010905, 0]
 2004[04] (iB)[1010906, 0]
 2004[04] (iB)[1010907, 0]
 2004[04] (iB)[1010908, 0]
 2004[04] (iB)[1010909, 0]
 2004[04] (iB)[1010910, 0]
 2004[04] (iB)[1010911, 0]
 2004[04] (iB)[1010912, 0]

11015072, 1
 1003[06] (Bb)[0, 1]
    3[11] (bBBB)[1, 1, 2, 50]
    3[08] (bBBB)[1, 1, 10, 1]
    0[00] (bBb)[-1, 1, 1]
    3[00] (bBBi)[-1, 1, 0, 11010050]
    0[00] (bBb)[0, 1, -1]
 1001[01] (i)[1]
    3[11] (bBBB)[2, 1, 2, 50]
    3[08] (bBBB)[2, 1, 10, 1]
    0[00] (bBb)[-2, 1, 2]
    3[00] (bBBi)[-2, 1, 0, 11010050]
 1000[02] (BBb)[1, 0, -2]
 1001[01] (i)[1]
    3[11] (bBBB)[3, 1, 2, 50]
    3[08] (bBBB)[3, 1, 10, 1]
    0[00] (bBb)[-3, 1, 3]
    3[00] (bBBi)[-3, 1, 0, 11010050]
 1000[02] (BBb)[1, 0, -3]
 1001[01] (i)[1]
    3[11] (bBBB)[4, 1, 2, 50]
    3[08] (bBBB)[4, 1, 10, 1]
    0[00] (bBb)[-4, 1, 4]
    3[00] (bBBi)[-4, 1, 0, 11010050]
 1000[02] (BBb)[1, 0, -4]
 1001[01] (i)[1]
    3[11] (bBBB)[5, 1, 2, 50]
    3[08] (bBBB)[5, 1, 10, 1]
    0[00] (bBb)[-5, 1, 5]
    3[00] (bBBi)[-5, 1, 0, 11010050]
 1000[02] (BBb)[1, 0, -5]
 1001[01] (i)[1]
    3[11] (bBBB)[6, 1, 2, 50]
    3[08] (bBBB)[6, 1, 10, 1]
    0[00] (bBb)[-6, 1, 6]
    3[00] (bBBi)[-6, 1, 0, 11010050]
 1000[02] (BBb)[1, 0, -6]
 2003[02] (iB)[11010050, 1]
 1001[00] (f)[600.0]
    3[11] (bBBB)[7, 1, 5, 50]
    3[08] (bBBB)[7, 1, 10, 1]
 1000[02] (BBb)[1, 0, 7]
 2003[02] (iB)[11010050, 0]
 2003[02] (iB)[11015075, 1]

11010000, 1
 1003[01] (BBBi)[2, 0, 1, 0]
 2004[05] (iB)[1010802, 0]
 1000[04] (B)[0]
 2004[01] (iB)[1010802, 0]
 2004[09] (iiiiii)[1010802, 7000, -1, -1, -1, -1]
 2004[15] (iB)[1010802, 1]
 2004[30] (iB)[1010802, 0]
 2004[05] (iB)[1010800, 0]
    3[00] (bBBi)[1, 1, 0, 11015390]
    3[06] (bb)[1, 0]
    3[02] (bBii)[1, 1, 10000, 1012999]
    0[00] (bBb)[0, 1, 1]
 1003[05] (Bb)[2, 2]
 2002[03] (iIi)[100110, 0, 10000]
 1000[03] (B)[1]
 2002[03] (iIi)[100110, 2, 10000]
 1001[01] (i)[1]
 2004[05] (iB)[1010802, 0]
 2004[05] (iB)[1010800, 1]

11015390, 0
    3[00] (bBBi)[1, 0, 0, 3]
    3[19] (biifhfiBii)[1, 1, 1012998, 0.0, -1, 0.0, 10010403, 48, 0, 1011990]
    0[00] (bBb)[0, 1, 1]
 2004[14] (ii)[10000, 1012997]
 2003[18] (iiBBB)[10000, 7410, 0, 0, 0]
 1000[04] (B)[1]

11015391, 0
    3[00] (bBBi)[1, 0, 0, 3]
    3[00] (bBBi)[1, 1, 0, 11015393]
    4[03] (bib)[1, 10000, 1]
    3[18] (biifhfiBii)[1, 1, 1012998, 0.0, -1, 0.0, 10010403, 255, 0, 1011990]
    0[00] (bBb)[0, 1, 1]
 2004[14] (ii)[10000, 1012997]
 2003[18] (iiBBB)[10000, 7410, 0, 0, 0]
 1000[04] (B)[1]

11015393, 0
 1003[01] (BBBi)[3, 1, 1, 0]
    3[00] (bBBi)[1, 0, 0, 3]
    3[02] (bBii)[1, 1, 10000, 1012996]
    0[00] (bBb)[0, 1, 1]
 1003[05] (Bb)[1, 1]
 2009[06] (B)[0]
 2009[04] (i)[1010800]

11015392, 1
 1003[01] (BBBi)[11, 0, 0, 3]
 2004[05] (iB)[1010800, 0]
 2004[05] (iB)[1010801, 0]
 2004[05] (iB)[1010802, 0]
 2004[05] (iB)[1010810, 0]
 2004[05] (iB)[1010811, 0]
 2004[04] (iB)[1010800, 0]
 2004[04] (iB)[1010801, 0]
 2004[04] (iB)[1010802, 0]
 2004[04] (iB)[1010810, 0]
 2004[04] (iB)[1010811, 0]
 1000[04] (B)[0]
 2004[01] (iB)[1010800, 0]
    3[00] (bBBi)[1, 1, 0, 11010000]
    3[00] (bBBi)[1, 1, 0, 11015393]
    3[02] (bBii)[1, 1, 10000, 1012990]
    0[00] (bBb)[0, 1, 1]
 2004[01] (iB)[1010800, 1]
 2003[11] (bihh)[1, 1010800, 0, 5350]

11010001, 0
    4[00] (biB)[1, 1010800, 1]
    4[00] (biB)[2, 1010801, 1]
    0[00] (bBb)[-1, 1, 1]
    0[00] (bBb)[-1, 1, 2]
    0[00] (bBb)[0, 1, -1]
    4[00] (biB)[3, 1010800, 1]
    4[00] (biB)[3, 1010801, 1]
    0[00] (bBb)[0, 1, 3]
 2003[02] (iB)[3, 1]
 1000[07] (BBb)[2, 1, 1]
 2010[02] (iii)[1010800, 5, 777777777]
 1000[03] (B)[1]
 2010[02] (iii)[1010801, 5, 777777777]
 2003[12] (i)[1010800]
 2005[03] (iB)[1011990, 0]
 2006[01] (iB)[1011991, 1]
 2005[03] (iB)[1011992, 0]
 2006[01] (iB)[1011993, 1]

11015394, 0
 2000[02] (B)[0]
    3[00] (bBBi)[1, 0, 0, 3]
    3[00] (bBBi)[1, 1, 0, 11010000]
    3[00] (bBBi)[1, 1, 0, 11015392]
 1003[05] (Bb)[1, 0]
    3[00] (bBBi)[1, 1, 0, 11015391]
    3[02] (bBii)[1, 1, 10000, 1012990]
    0[00] (bBb)[0, 1, 1]
 2010[03] (iB)[1013801, 0]
 2010[03] (iB)[1013800, 1]

11015395, 0
 2000[02] (B)[0]
    3[00] (bBBi)[1, 1, 0, 11015394]
    3[00] (bBBi)[1, 1, 0, 3]
    0[00] (bBb)[0, 1, 1]
 2010[03] (iB)[1013800, 0]
 2010[03] (iB)[1013801, 1]

11015396, 1
 1003[02] (BBBi)[0, 1, 0, 3]
 2004[01] (iB)[1010801, 0]
 2004[09] (iiiiii)[1010801, 7000, -1, -1, -1, -1]
 2004[15] (iB)[1010801, 1]
 2004[30] (iB)[1010801, 0]
    4[02] (bibf)[0, 1010800, 5, 0.6000000238418579]
 2004[09] (iiiiii)[1010801, -1, -1, -1, -1, -1]
 2004[41] (iBii)[1010801, 1, 1012650, -1]
 2003[18] (iiBBB)[1010801, 7001, 0, 1, 0]
 2004[15] (iB)[1010801, 0]
 2004[01] (iB)[1010801, 1]
 2003[11] (bihh)[1, 1010801, 1, 5350]

11015397, 1
 2004[05] (iB)[0, 0]
    ^(0 <- 12, 4)
 1003[01] (BBBi)[5, 0, 2, 0]
 2004[26] (iBB)[0, 0, 0]
    ^(0 <- 0, 4)
 2004[27] (iBB)[0, 1, 1]
    ^(0 <- 0, 4)
 2004[08] (ii)[0, 5434]
    ^(0 <- 0, 4)
 2004[17] (iiB)[0, 20, 0]
    ^(0 <- 0, 4)
 1000[04] (B)[0]
    3[00] (bBBi)[1, 1, 0, 11015392]
    4[07] (biB)[1, 0, 1]
    ^(4 <- 0, 4)
    0[00] (bBb)[0, 1, 1]
 2004[22] (ihhiffBB)[0, 0, 1, 65, 1.0, 1.0, 0, 0]
    ^(0 <- 0, 4)
    ^(4 <- 4, 2)
    4[06] (biiib)[2, 0, 0, 0, 5]
    ^(4 <- 0, 4)
    ^(8 <- 8, 4)
    4[02] (bibf)[3, 0, 5, 0.0]
    ^(4 <- 0, 4)
    0[00] (bBb)[-1, 1, 2]
    0[00] (bBb)[-1, 1, 3]
    0[00] (bBb)[0, 1, -1]
 1000[08] (BBb)[0, 1, 3]
 2004[42] (iBiii)[0, 2, 0, 130, 0]
    ^(8 <- 0, 4)
    ^(16 <- 0, 4)
    ^(0 <- 12, 4)
 2004[05] (iB)[0, 1]
    ^(0 <- 12, 4)
 2004[43] (iB)[0, 0]
    ^(0 <- 0, 4)
 2003[18] (iiBBB)[0, 8000, 0, 0, 0]
    ^(0 <- 0, 4)
 2003[18] (iiBBB)[0, 8100, 0, 0, 0]
    ^(0 <- 12, 4)
 2004[26] (iBB)[0, 0, 0]
    ^(0 <- 0, 4)
 2004[27] (iBB)[0, 1, 1]
    ^(0 <- 0, 4)
 2004[08] (ii)[0, 5434]
    ^(0 <- 0, 4)
 2004[17] (iiB)[0, 20, 0]
    ^(0 <- 0, 4)
 2004[20] (i)[0]
    ^(0 <- 0, 4)
    4[03] (bib)[-7, 10000, 0]
    4[03] (bib)[-7, 10000, 8]
 1000[02] (BBb)[0, 0, -7]
 2003[36] (i)[53520000]

11015398, 1
 2004[05] (iB)[0, 0]
    ^(0 <- 4, 4)
    4[07] (biB)[0, 0, 1]
    ^(4 <- 0, 4)
 2004[27] (iBB)[0, 1, 1]
    ^(0 <- 0, 4)
 2004[27] (iBB)[0, 2, 1]
    ^(0 <- 0, 4)

11010750, 0
    3[00] (bBBi)[1, 0, 0, 3]
    4[00] (biB)[1, 0, 0]
    ^(4 <- 0, 4)
    0[00] (bBb)[0, 1, 1]
    4[00] (biB)[0, 0, 1]
    ^(4 <- 0, 4)
    4[03] (bib)[-7, 10000, 0]
    4[03] (bib)[-7, 10000, 8]
 1000[02] (BBb)[0, 0, -7]
 2003[36] (i)[0]
    ^(0 <- 4, 4)

11015380, 0
    3[00] (bBBi)[1, 0, 0, 11010901]
    3[19] (biifhfiBii)[1, 1, 1012898, 0.0, -1, 0.0, 10010403, 48, 0, 1011890]
    0[00] (bBb)[0, 1, 1]
 2004[14] (ii)[10000, 1012897]
 2003[18] (iiBBB)[10000, 7410, 0, 0, 0]
 1000[04] (B)[1]

11015381, 0
    3[00] (bBBi)[1, 0, 0, 11010901]
    3[00] (bBBi)[1, 1, 0, 11015383]
    4[03] (bib)[1, 10000, 1]
    3[18] (biifhfiBii)[1, 1, 1012898, 0.0, -1, 0.0, 10010403, 255, 0, 1011890]
    0[00] (bBb)[0, 1, 1]
 2004[14] (ii)[10000, 1012897]
 2003[18] (iiBBB)[10000, 7410, 0, 0, 0]
 1000[04] (B)[1]

11015383, 0
 1003[01] (BBBi)[3, 1, 1, 0]
    3[00] (bBBi)[1, 0, 0, 11010901]
    3[02] (bBii)[1, 1, 10000, 1012896]
    0[00] (bBb)[0, 1, 1]
 1003[05] (Bb)[2, 1]
 2009[06] (B)[0]
 2004[28] (ii)[1010700, 4095]
 2009[04] (i)[1010700]

11015382, 1
 1003[01] (BBBi)[2, 0, 1, 0]
 2004[09] (iiiiii)[1010700, -1, -1, -1, -1, -1]
 1000[04] (B)[0]
 2004[01] (iB)[1010700, 0]
 2004[09] (iiiiii)[1010700, 9001, -1, -1, -1, -1]
 2004[30] (iB)[1010700, 0]
    4[01] (bii)[1, 1010700, 10000]
    3[06] (bb)[2, 0]
    3[02] (bBii)[2, 1, 10000, 1012701]
    0[00] (bBb)[-1, 1, 1]
    0[00] (bBb)[-1, 1, 2]
    0[00] (bBb)[0, 1, -1]
 2003[02] (iB)[11010005, 1]
 2004[09] (iiiiii)[1010700, -1, -1, -1, -1, -1]
 2003[18] (iiBBB)[1010700, 9061, 0, 1, 0]
 2004[01] (iB)[1010700, 1]

11015384, 0
 2000[02] (B)[0]
    3[00] (bBBi)[1, 0, 0, 11010901]
    3[00] (bBBi)[1, 1, 0, 11015382]
 1003[05] (Bb)[1, 0]
    3[00] (bBBi)[1, 1, 0, 11015381]
    3[02] (bBii)[1, 1, 10000, 1012890]
    0[00] (bBb)[0, 1, 1]
 2003[11] (bihh)[1, 1010700, 0, 2250]
 2010[03] (iB)[1013802, 1]

11015385, 0
 2000[02] (B)[0]
    3[00] (bBBi)[1, 1, 0, 11015384]
    3[00] (bBBi)[1, 1, 0, 11010901]
    0[00] (bBb)[0, 1, 1]
 2003[11] (bihh)[0, 1010700, 0, 2250]
 2010[03] (iB)[1013802, 0]

11015386, 0
 1003[06] (Bb)[0, 1]
    4[08] (biiB)[1, 1010700, 700, 1]
    4[08] (biiB)[2, 1010700, 710, 1]
    0[00] (bBb)[-1, 1, 1]
    0[00] (bBb)[-1, 1, 2]
    0[00] (bBb)[0, 1, -1]
 1000[07] (BBb)[2, 1, 2]
 2004[41] (iBii)[1010700, 1, 1012741, -1]
 1000[03] (B)[1]
 2004[41] (iBii)[1010700, 1, 1012740, -1]
 1000[04] (B)[1]

11010901, 1
 1003[01] (BBBi)[3, 0, 1, 0]
 2004[05] (iB)[1010700, 0]
 2004[04] (iB)[1010700, 0]
 1000[04] (B)[0]
    4[02] (bibf)[0, 1010700, 5, 0.0]
 1001[00] (f)[1.0]
 2010[02] (iii)[1010700, 5, 777777777]
    4[00] (biB)[0, 1010700, 1]
 2003[02] (iB)[11010901, 1]
 2003[12] (i)[1010700]
 2005[03] (iB)[1011890, 0]
 2006[01] (iB)[1011891, 1]
 2005[03] (iB)[1011892, 0]
 2006[01] (iB)[1011893, 1]

11015370, 0
    3[00] (bBBi)[1, 0, 0, 11010902]
    3[19] (biifhfiBii)[1, 1, 1012888, 0.0, -1, 0.0, 10010403, 48, 0, 1011790]
    0[00] (bBb)[0, 1, 1]
 2004[14] (ii)[10000, 1012887]
 2003[18] (iiBBB)[10000, 7410, 0, 1, 0]
 1000[04] (B)[1]

11015371, 0
    3[00] (bBBi)[1, 0, 0, 11010902]
    3[00] (bBBi)[1, 1, 0, 11015373]
    4[03] (bib)[1, 10000, 1]
    3[18] (biifhfiBii)[1, 1, 1012888, 0.0, -1, 0.0, 10010403, 255, 0, 1011790]
    0[00] (bBb)[0, 1, 1]
 2004[14] (ii)[10000, 1012887]
 2003[18] (iiBBB)[10000, 7410, 0, 0, 0]
 1000[04] (B)[1]

11015373, 0
 1003[01] (BBBi)[3, 1, 1, 0]
    3[00] (bBBi)[1, 0, 0, 11010902]
    3[02] (bBii)[1, 1, 10000, 1012886]
    0[00] (bBb)[0, 1, 1]
 1003[05] (Bb)[1, 1]
 2009[06] (B)[0]
 2009[04] (i)[1010750]
 2003[02] (iB)[11010597, 1]

11015372, 1
 1003[01] (BBBi)[5, 1, 1, 0]
 2004[01] (iB)[1010750, 0]
    3[00] (bBBi)[1, 1, 0, 11015373]
    3[02] (bBii)[1, 1, 10000, 1012880]
    0[00] (bBb)[0, 1, 1]
 2004[01] (iB)[1010750, 1]
 2003[11] (bihh)[1, 1010750, 0, 2240]

11015374, 0
 2000[02] (B)[0]
    3[00] (bBBi)[1, 0, 0, 11010902]
    3[00] (bBBi)[1, 1, 0, 11015372]
 1003[05] (Bb)[1, 0]
    3[00] (bBBi)[1, 1, 0, 11015371]
    3[02] (bBii)[1, 1, 10000, 1012880]
    0[00] (bBb)[0, 1, 1]
 2010[03] (iB)[1013803, 1]

11015375, 0
 2000[02] (B)[0]
    3[00] (bBBi)[1, 1, 0, 11015374]
    3[00] (bBBi)[1, 1, 0, 11010902]
    0[00] (bBb)[0, 1, 1]
 2010[03] (iB)[1013803, 0]

11010902, 1
 1003[01] (BBBi)[7, 0, 1, 0]
 2004[05] (iB)[1010750, 0]
 2004[05] (iB)[1010500, 0]
 2004[05] (iB)[1010501, 0]
 2004[04] (iB)[1010750, 0]
 2004[04] (iB)[1010500, 0]
 2004[04] (iB)[1010501, 0]
 1000[04] (B)[0]
 2004[05] (iB)[1010510, 0]
 2004[05] (iB)[1010511, 0]
 2004[04] (iB)[1010510, 0]
 2004[04] (iB)[1010511, 0]
    4[02] (bibf)[0, 1010750, 5, 0.0]
 1001[00] (f)[1.0]
 2010[02] (iii)[1010750, 5, 777777777]
    4[00] (biB)[0, 1010750, 1]
 2003[02] (iB)[11010902, 1]
 2003[12] (i)[1010750]
 2005[03] (iB)[1011790, 0]
 2006[01] (iB)[1011791, 1]

11010903, 1
 1003[01] (BBBi)[2, 0, 1, 0]
 2004[05] (iB)[1010310, 0]
 1000[04] (B)[0]
    4[00] (biB)[0, 1010310, 1]
 2003[02] (iB)[11010903, 1]

11015110, 1
 1003[01] (BBBi)[2, 0, 1, 0]
 2005[08] (ib)[1011103, 1]
 1000[04] (B)[0]
 2004[01] (iB)[1010102, 0]
    3[03] (bBiif)[1, 1, 10000, 1010102, 5.0]
    5[00] (bBi)[2, 1, 1011103]
    0[00] (bBb)[-1, 1, 1]
    0[00] (bBb)[-1, 1, 2]
    0[00] (bBb)[0, 1, -1]
 1000[07] (BBb)[1, 1, 2]
 2003[18] (iiBBB)[1010102, 3000, 0, 1, 0]
 2004[01] (iB)[1010102, 1]

11015111, 1
 1003[02] (BBBi)[0, 1, 1, 0]
 2004[01] (iB)[1010110, 0]
    3[02] (bBii)[1, 1, 10000, 1012110]
    4[01] (bii)[2, 1010110, 10000]
    3[03] (bBiif)[3, 1, 1010110, 10000, 2.0]
    0[00] (bBb)[-1, 1, 1]
    0[00] (bBb)[-1, 1, 2]
    0[00] (bBb)[-1, 1, 3]
    0[00] (bBb)[0, 1, -1]
 1000[07] (BBb)[1, 0, 1]
 2003[18] (iiBBB)[1010110, 13005, 0, 1, 0]
 2004[01] (iB)[1010110, 1]

11015113, 1
 1003[02] (BBBi)[0, 1, 1, 0]
 2004[01] (iB)[1010200, 0]
    3[02] (bBii)[-1, 1, 10000, 1012050]
    4[01] (bii)[-1, 1010200, 10000]
    3[03] (bBiif)[-1, 1, 1010200, 10000, 5.0]
    0[00] (bBb)[0, 1, -1]
 2004[01] (iB)[1010200, 1]

11015112, 1
 1003[02] (BBBi)[0, 1, 1, 0]
 2004[01] (iB)[1010111, 0]
    4[01] (bii)[-3, 1010111, 10000]
    3[02] (bBii)[-3, 1, 10000, 1012122]
    0[00] (bBb)[1, 1, -3]
    3[02] (bBii)[2, 1, 10000, 1012121]
    0[00] (bBb)[-1, 1, 1]
    0[00] (bBb)[-1, 1, 2]
    0[00] (bBb)[0, 1, -1]
 2004[01] (iB)[1010111, 1]
 1000[08] (BBb)[0, 1, 1]
 2004[13] (ii)[1010111, 1012120]
 2004[17] (iiB)[1010111, 10, 0]
 2004[20] (i)[1010111]
    3[02] (bBii)[-2, 1, 10000, 1012122]
    4[01] (bii)[-2, 1010111, 10000]
    0[00] (bBb)[0, 1, -2]
 2004[17] (iiB)[1010111, -1, 0]
 2004[20] (i)[1010111]

11015130, 1
 2004[05] (iB)[1010400, 0]
 1003[02] (BBBi)[0, 1, 0, 11010710]
    5[00] (bBi)[0, 1, 1011000]
 2004[05] (iB)[1010400, 1]
 1003[01] (BBBi)[4, 1, 0, 11015130]
 2003[18] (iiBBB)[1010400, 500, 0, 1, 0]
 2003[18] (iiBBB)[1010400, 500, 0, 1, 0]
 2003[18] (iiBBB)[1010400, 500, 0, 1, 0]
 2003[18] (iiBBB)[1010400, 500, 0, 1, 0]
 2004[13] (ii)[1010400, 1012060]
 2004[17] (iiB)[1010400, 10, 0]
 2004[20] (i)[1010400]
 2003[02] (iB)[11015130, 1]
    3[02] (bBii)[0, 1, 1010400, 1012060]
 2004[17] (iiB)[1010400, -1, 0]
 2004[20] (i)[1010400]

11010710, 1
 2004[05] (iB)[1010400, 0]
 1003[02] (BBBi)[0, 1, 0, 11010710]
    4[00] (biB)[0, 1010400, 1]
    4[03] (bib)[-7, 10000, 0]
    4[03] (bib)[-7, 10000, 8]
 1000[02] (BBb)[0, 0, -7]
 2003[36] (i)[33006000]

11010111, 1
 1003[02] (BBBi)[0, 1, 1, 0]
 2004[01] (iB)[1010130, 0]
    4[01] (bii)[1, 1010130, 10000]
    3[02] (bBii)[2, 1, 10000, 1012170]
    0[00] (bBb)[-1, 1, 1]
    0[00] (bBb)[-1, 1, 2]
    0[00] (bBb)[0, 1, -1]
 2003[02] (iB)[11010111, 1]
 2004[01] (iB)[1010130, 1]
 1000[08] (BBb)[0, 1, 1]
 2005[14] (iiiB)[1011318, -1, 0, 0]
 2005[14] (iiiB)[1011318, -1, 1, 0]
 2005[14] (iiiB)[1011318, -1, 2, 0]
 2005[14] (iiiB)[1011318, -1, 3, 0]
 2004[41] (iBii)[1010130, 1, 1012171, -1]
 2003[18] (iiBBB)[1010130, 7000, 0, 0, 0]
 1001[00] (f)[0.20000000298023224]
 2003[18] (iiBBB)[1011318, 2, 0, 1, 0]
 2003[02] (iB)[61010518, 1]
 2000[02] (B)[0]
 1001[00] (f)[4.0]
 2005[14] (iiiB)[1011318, 1318, 0, 0]
 2005[14] (iiiB)[1011318, 1318, 1, 0]
 2005[14] (iiiB)[1011318, 1318, 2, 1]
 2005[14] (iiiB)[1011318, 1318, 3, 1]

11010120, 1
 1003[01] (BBBi)[2, 0, 1, 0]
 2005[07] (ii)[1011102, 0]
 1000[04] (B)[0]
 2004[01] (iB)[1010103, 0]
    4[01] (bii)[-1, 1010103, 10000]
    3[02] (bBii)[-1, 1, 10000, 1012101]
    0[00] (bBb)[0, 1, -1]
 2000[02] (B)[0]
 2004[43] (iB)[1010103, 0]
 2003[18] (iiBBB)[1010103, 3006, 0, 0, 0]
 1001[00] (f)[0.5]
 2006[04] (iii)[1011102, 1, 100100]
 2003[18] (iiBBB)[1011102, 0, 0, 0, 0]
 1001[00] (f)[0.5]
 2004[01] (iB)[1010103, 1]
 2005[09] (iiiiifff)[11010121, 1011102, 1, 5020, 1, 0.6000000238418579, 3.0, 0.0]
 1001[00] (f)[3.0]
 2006[05] (ii)[1011102, 1]

11010101, 0
 1003[01] (BBBi)[2, 0, 2, 0]
 2005[07] (ii)[0, 0]
    ^(0 <- 0, 4)
    ^(4 <- 4, 4)
 1000[04] (B)[0]
    3[05] (biifhfiBi)[0, 0, 0, 60.0, 0, 1.5, 10010400, 255, 0]
    ^(8 <- 0, 4)
    ^(16 <- 8, 2)
 2004[41] (iBii)[10000, 0, 0, -1]
    ^(8 <- 0, 4)
    ^(12 <- 12, 4)
 2003[18] (iiBBB)[10000, -1, 0, 0, 0]
    ^(4 <- 16, 4)
 2003[18] (iiBBB)[0, -1, 0, 0, 0]
    ^(0 <- 0, 4)
    ^(4 <- 4, 4)

11010102, 0
 2000[02] (B)[0]
    3[00] (bBBi)[-1, 1, 0, 0]
    ^(4 <- 0, 4)
    3[05] (biifhfiBi)[-1, 0, 0, 60.0, 0, 1.5, 10010400, 255, 0]
    ^(8 <- 4, 4)
    ^(16 <- 8, 2)
    0[00] (bBb)[0, 1, -1]
 1003[02] (BBBi)[0, 1, 0, 0]
    ^(4 <- 0, 4)
 2007[01] (ihhif)[10010161, 0, 6, -1, 3.0]
    ^(8 <- 4, 4)
 1000[04] (B)[1]

11010125, 1
 1003[02] (BBBi)[0, 1, 1, 0]
 2004[05] (iB)[1010104, 0]
 2004[41] (iBii)[1010104, 1, 1012130, -1]
    3[00] (bBBi)[0, 1, 1, 0]
 2004[05] (iB)[1010104, 1]

11010126, 1
 1003[02] (BBBi)[0, 1, 1, 0]
    3[00] (bBBi)[0, 1, 0, 51010030]
 2003[02] (iB)[11010125, 1]

11010130, 1
 1003[01] (BBBi)[2, 0, 2, 0]
 2005[07] (ii)[0, 2]
    ^(0 <- 0, 4)
 1000[04] (B)[0]
 2004[01] (iB)[0, 0]
    ^(0 <- 4, 4)
    3[02] (bBii)[0, 1, 10000, 0]
    ^(8 <- 8, 4)
 1001[02] (ff)[0.0, 1.0]
 2003[18] (iiBBB)[0, 7001, 0, 0, 0]
    ^(0 <- 4, 4)
 2004[01] (iB)[0, 1]
    ^(0 <- 4, 4)
 1001[00] (f)[0.10000000149011612]
 2003[18] (iiBBB)[0, 2, 0, 0, 0]
    ^(0 <- 0, 4)

11010150, 0
 2000[02] (B)[0]
 1003[01] (BBBi)[4, 1, 0, 0]
    ^(4 <- 0, 4)
    3[02] (bBii)[0, 1, 10000, 0]
    ^(8 <- 4, 4)
 2004[08] (ii)[10000, 4150]
 1001[00] (f)[3.0]
 1000[04] (B)[1]
    3[02] (bBii)[-1, 1, 10000, 0]
    ^(8 <- 4, 4)
    3[02] (bBii)[-1, 1, 10000, 0]
    ^(8 <- 8, 4)
    0[00] (bBb)[0, 1, -1]
 2004[08] (ii)[10000, 4150]
 1001[00] (f)[3.0]
 1000[04] (B)[1]

11010160, 0
 1003[01] (BBBi)[5, 0, 2, 0]
 2005[14] (iiiB)[0, -1, 0, 0]
    ^(0 <- 4, 4)
 2005[14] (iiiB)[0, -1, 1, 0]
    ^(0 <- 4, 4)
 2005[14] (iiiB)[0, -1, 2, 0]
    ^(0 <- 4, 4)
 2005[14] (iiiB)[0, -1, 3, 0]
    ^(0 <- 4, 4)
 1000[04] (B)[0]
    5[02] (bi)[0, 0]
    ^(4 <- 0, 4)
 2003[02] (iB)[0, 1]
    ^(0 <- 0, 4)
 1001[00] (f)[2.0]
 2005[14] (iiiB)[0, -1, 0, 0]
    ^(0 <- 4, 4)
 2005[14] (iiiB)[0, -1, 1, 0]
    ^(0 <- 4, 4)
 2005[14] (iiiB)[0, -1, 2, 0]
    ^(0 <- 4, 4)
 2005[14] (iiiB)[0, -1, 3, 0]
    ^(0 <- 4, 4)

11010180, 0
 1003[02] (BBBi)[0, 1, 2, 0]
    5[02] (bi)[0, 0]
    ^(4 <- 0, 4)
 1003[06] (Bb)[0, 1]
 2007[01] (ihhif)[0, 0, 6, -1, 3.0]
    ^(0 <- 4, 4)
    ^(8 <- 8, 4)

11010170, 0
 1003[01] (BBBi)[5, 0, 2, 0]
 2005[14] (iiiB)[0, -1, 0, 0]
    ^(0 <- 8, 4)
 2005[14] (iiiB)[0, -1, 1, 0]
    ^(0 <- 8, 4)
 2005[14] (iiiB)[0, -1, 2, 0]
    ^(0 <- 8, 4)
 2005[14] (iiiB)[0, -1, 3, 0]
    ^(0 <- 8, 4)
 1000[04] (B)[0]
    5[02] (bi)[0, 0]
    ^(4 <- 0, 4)
 2003[02] (iB)[0, 1]
    ^(0 <- 0, 4)
 1003[06] (Bb)[0, 1]
 2007[01] (ihhif)[0, 0, 6, -1, 3.0]
    ^(0 <- 4, 4)
    ^(8 <- 8, 4)
 1001[00] (f)[2.0]
 2005[14] (iiiB)[0, -1, 0, 0]
    ^(0 <- 8, 4)
 2005[14] (iiiB)[0, -1, 1, 0]
    ^(0 <- 8, 4)
 2005[14] (iiiB)[0, -1, 2, 0]
    ^(0 <- 8, 4)
 2005[14] (iiiB)[0, -1, 3, 0]
    ^(0 <- 8, 4)

11010140, 0
 1003[02] (BBBi)[0, 1, 2, 0]
    5[02] (bi)[0, 0]
    ^(4 <- 0, 4)
 1003[06] (Bb)[0, 1]
    3[04] (bBiB)[1, 3, 0, 1]
    ^(4 <- 16, 4)
 1000[01] (BBb)[2, 1, 1]
 2007[01] (ihhif)[0, 0, 6, -1, 3.0]
    ^(8 <- 8, 4)
    ^(0 <- 12, 4)
 1000[03] (B)[1]
 2007[01] (ihhif)[0, 0, 6, -1, 3.0]
    ^(0 <- 4, 4)
    ^(8 <- 8, 4)

11010190, 0
 1003[01] (BBBi)[5, 0, 2, 0]
 2005[14] (iiiB)[0, -1, 0, 0]
    ^(0 <- 8, 4)
 2005[14] (iiiB)[0, -1, 1, 0]
    ^(0 <- 8, 4)
 2005[14] (iiiB)[0, -1, 2, 0]
    ^(0 <- 8, 4)
 2005[14] (iiiB)[0, -1, 3, 0]
    ^(0 <- 8, 4)
 1000[04] (B)[0]
    5[02] (bi)[0, 0]
    ^(4 <- 0, 4)
 2003[02] (iB)[0, 1]
    ^(0 <- 0, 4)
 1003[06] (Bb)[0, 1]
    3[04] (bBiB)[1, 3, 0, 1]
    ^(4 <- 16, 4)
 1000[01] (BBb)[2, 1, 1]
 2007[01] (ihhif)[0, 0, 6, -1, 3.0]
    ^(8 <- 8, 4)
    ^(0 <- 12, 4)
 1000[03] (B)[1]
 2007[01] (ihhif)[0, 0, 6, -1, 3.0]
    ^(0 <- 4, 4)
    ^(8 <- 8, 4)
 1001[00] (f)[2.0]
 2005[14] (iiiB)[0, -1, 0, 0]
    ^(0 <- 8, 4)
 2005[14] (iiiB)[0, -1, 1, 0]
    ^(0 <- 8, 4)
 2005[14] (iiiB)[0, -1, 2, 0]
    ^(0 <- 8, 4)
 2005[14] (iiiB)[0, -1, 3, 0]
    ^(0 <- 8, 4)

11010100, 0
 1003[01] (BBBi)[3, 0, 1, 0]
 2005[07] (ii)[1011149, 0]
 2009[00] (iii)[11010028, 11010029, 1011149]
 1000[04] (B)[0]
    3[05] (biifhfiBi)[0, 0, 1011149, 60.0, 194, 1.5, 10010500, 255, 0]
 2003[02] (iB)[11010100, 1]
 2004[41] (iBii)[10000, 0, 1011149, 192]
 2003[18] (iiBBB)[10000, 8005, 0, 0, 0]
 1001[00] (f)[0.5]
 2003[18] (iiBBB)[1011149, 0, 0, 1, 0]
 2009[00] (iii)[11010028, 11010029, 1011149]

11010400, 0
 1003[01] (BBBi)[3, 0, 2, 0]
 2005[07] (ii)[0, 101]
    ^(0 <- 0, 4)
 2005[04] (iB)[0, 1]
    ^(0 <- 0, 4)
 1000[04] (B)[0]
 2005[04] (iB)[0, 0]
    ^(0 <- 0, 4)
 2003[18] (iiBBB)[0, 100, 1, 0, 0]
    ^(0 <- 0, 4)
    5[00] (bBi)[0, 1, 0]
    ^(4 <- 4, 4)
 2003[18] (iiBBB)[0, 101, 0, 1, 0]
    ^(0 <- 0, 4)
 2005[04] (iB)[0, 1]
    ^(0 <- 0, 4)

11015250, 1
 1003[01] (BBBi)[2, 0, 2, 0]
 2004[09] (iiiiii)[0, -1, -1, -1, -1, -1]
    ^(0 <- 0, 4)
 1000[04] (B)[0]
 2004[31] (iB)[0, 1]
    ^(0 <- 0, 4)
    3[03] (bBiif)[0, 1, 10000, 0, 0.0]
    ^(8 <- 4, 4)
    ^(12 <- 8, 4)
 2000[02] (B)[0]
 1001[00] (f)[0.0]
    ^(0 <- 12, 4)
 2004[31] (iB)[0, 0]
    ^(0 <- 0, 4)
 2004[09] (iiiiii)[0, -1, -1, 9060, -1, -1]
    ^(0 <- 0, 4)

11015185, 0
    3[00] (bBBi)[1, 1, 0, 61010610]
    5[02] (bi)[1, 11010600]
    3[00] (bBBi)[2, 0, 0, 61010610]
    5[02] (bi)[2, 11010600]
    0[00] (bBb)[-1, 1, 1]
    0[00] (bBb)[-1, 1, 2]
    0[00] (bBb)[0, 1, -1]
 2003[02] (iB)[11015180, 1]
 1000[07] (BBb)[2, 1, 2]
 2003[02] (iB)[11015181, 1]
 1000[04] (B)[1]
 2003[02] (iB)[11015182, 1]
 1000[04] (B)[1]

11010611, 0
 2000[02] (B)[0]
    1[01] (bi)[1, 10]
    3[08] (bBBB)[1, 1, 10, 1]
    0[00] (bBb)[0, 1, 1]
 2005[06] (iiB)[1011100, -1, 1]

11010600, 0
    3[00] (bBBi)[1, 1, 0, 11015181]
    3[06] (bb)[1, 0]
    3[00] (bBBi)[2, 1, 0, 11015182]
    3[06] (bb)[2, 0]
    0[00] (bBb)[-1, 1, 1]
    0[00] (bBb)[-1, 1, 2]
    0[00] (bBb)[0, 1, -1]
 2003[02] (iB)[11015180, 0]
 2003[02] (iB)[11015181, 0]
 2003[02] (iB)[11015182, 0]
 1000[07] (BBb)[9, 1, 2]
 1003[01] (BBBi)[2, 1, 0, 61010610]
 2000[00] (iII)[0, 11010611, 0]
 1000[04] (B)[1]
 2003[13] (iIB)[1013100, 1, 0]
 2003[02] (iB)[11010605, 1]
 2003[18] (iiBBB)[1011101, 2, 0, 0, 0]
 1001[01] (i)[60]
 2000[00] (iII)[0, 11010611, 0]
 1000[04] (B)[1]
 1003[01] (BBBi)[2, 0, 0, 61010610]
 2000[00] (iII)[0, 11010611, 0]
 1000[04] (B)[1]
 2003[13] (iIB)[1013100, 1, 1]
 2003[18] (iiBBB)[1011101, 4, 0, 0, 0]
 1001[01] (i)[200]
 2000[00] (iII)[0, 11010611, 0]
 1000[04] (B)[1]

11010601, 0
    3[00] (bBBi)[0, 1, 0, 11010605]
 2003[02] (iB)[11010605, 0]
 1001[00] (f)[0.5]
 2005[09] (iiiiifff)[11010602, 1011101, 42, 5010, 1, 0.6000000238418579, 0.5, 0.0]
 2005[09] (iiiiifff)[11010603, 1011101, 43, 5010, 1, 0.6000000238418579, 0.5, 0.0]
 2005[09] (iiiiifff)[11010604, 1011101, 44, 5010, 1, 0.6000000238418579, 0.5, 0.0]
 1000[04] (B)[1]

11015116, 1
    3[00] (bBBi)[1, 0, 0, 61010610]
    3[00] (bBBi)[1, 0, 0, 11010607]
    3[00] (bBBi)[1, 0, 0, 11010600]
    3[02] (bBii)[1, 1, 10000, 1012200]
    0[00] (bBb)[0, 1, 1]
 2003[02] (iB)[11015115, 1]
    3[00] (bBBi)[-1, 1, 0, 11015181]
    3[00] (bBBi)[-1, 1, 0, 61010610]
    0[00] (bBb)[0, 1, -1]
 2003[02] (iB)[11015115, 0]

11010609, 1
 2000[02] (B)[0]
    3[00] (bBBi)[1, 1, 0, 11015115]
    3[00] (bBBi)[1, 0, 0, 61010610]
    0[00] (bBb)[0, 1, 1]
 2005[05] (iii)[1011100, -1, -1]
 1001[00] (f)[1.0]
 1000[04] (B)[1]

11010607, 1
 1003[01] (BBBi)[3, 0, 1, 0]
 2004[41] (iBii)[6010, 1, 1012201, -1]
 2004[13] (ii)[6010, 1012201]
 1000[04] (B)[0]
    3[02] (bBii)[1, 1, 6010, 1012771]
    3[03] (bBiif)[1, 1, 6010, 1011100, 3.0]
    3[00] (bBBi)[1, 1, 0, 11015181]
    0[00] (bBb)[0, 1, 1]
 2004[13] (ii)[6010, 1012201]
 2004[16] (i)[6010]
 2004[20] (i)[6010]

11010608, 1
    3[00] (bBBi)[1, 1, 0, 61010610]
    4[07] (biB)[1, 1010310, 1]
    3[02] (bBii)[1, 1, 1010310, 1012771]
    0[00] (bBb)[0, 1, 1]
 2004[17] (iiB)[1010310, 1, 0]
 2004[13] (ii)[1010310, 1012773]
    3[00] (bBBi)[0, 0, 0, 61010610]
 2004[17] (iiB)[1010310, -1, 0]
 2004[13] (ii)[1010310, 1012772]
 1000[04] (B)[1]

11010621, 0
 1003[01] (BBBi)[3, 0, 1, 0]
 2005[07] (ii)[1011121, 4]
 2005[06] (iiB)[1011120, -1, 0]
 1000[04] (B)[0]
 2005[07] (ii)[1011121, 3]
    5[02] (bi)[0, 11010620]
 2003[18] (iiBBB)[1011121, 4, 0, 0, 0]

11010700, 0
 1003[01] (BBBi)[2, 0, 1, 0]
 2005[06] (iiB)[1011110, -1, 0]
 1000[04] (B)[0]
    5[02] (bi)[0, 11010700]
 2003[16] (I)[10010]
    4[02] (bibf)[0, 10000, 2, 0.0]
 1003[01] (BBBi)[2, 1, 0, 11400200]
 2002[03] (iIi)[100100, 0, 10000]
 1000[03] (B)[2]
 2002[03] (iIi)[100105, 0, 10000]
 2003[02] (iB)[11500200, 1]
 1001[01] (i)[1]
 2003[28] (i)[29]

11015170, 0
    3[09] (bI)[0, 10010]
 2000[02] (B)[0]
 2010[02] (iii)[1011111, 3, 130300002]
 1001[02] (ff)[0.5, 2.0]
 2010[02] (iii)[1011111, 3, 130300002]
 1001[02] (ff)[0.5, 2.0]
 2010[02] (iii)[1011111, 3, 130300002]
 1000[04] (B)[1]

11010860, 1
 1003[01] (BBBi)[3, 0, 2, 0]
 2004[05] (iB)[0, 0]
    ^(0 <- 0, 4)
 2004[04] (iB)[0, 0]
    ^(0 <- 0, 4)
 1000[04] (B)[0]
    4[00] (biB)[0, 0, 1]
    ^(4 <- 0, 4)
 1000[05] (Bbii)[4, 0, 0, 0]
    ^(4 <- 4, 4)
    4[03] (bib)[-7, 10000, 0]
    4[03] (bib)[-7, 10000, 8]
 1000[02] (BBb)[0, 0, -7]
 2003[36] (i)[0]
    ^(0 <- 8, 4)
 1000[04] (B)[0]

11010650, 0
 1003[01] (BBBi)[4, 0, 2, 0]
 2005[07] (ii)[0, 0]
    ^(0 <- 0, 4)
 2005[06] (iiB)[0, -1, 0]
    ^(0 <- 0, 4)
 2005[04] (iB)[0, 1]
    ^(0 <- 0, 4)
 1000[04] (B)[0]
    5[02] (bi)[0, 0]
    ^(4 <- 4, 4)
 1001[01] (i)[10]
 2005[04] (iB)[0, 1]
    ^(0 <- 0, 4)

11010899, 0
 2004[12] (iB)[1010300, 1]
 2004[05] (iB)[1010300, 0]
 2004[13] (ii)[1010300, 1012320]
 1003[05] (Bb)[2, 1]
 2004[28] (ii)[1010300, 4095]
 2003[02] (iB)[11010782, 0]
    3[00] (bBBi)[1, 1, 0, 11010791]
    3[00] (bBBi)[1, 0, 0, 11015311]
 1000[01] (BBb)[6, 0, 1]
 2003[02] (iB)[11015310, 0]
 2004[05] (iB)[1010300, 1]
 2004[40] (iBiii)[1010300, 1, 1012310, -1, 1013211]
 2004[09] (iiiiii)[1010300, 7006, -1, -1, -1, -1]
 2004[31] (iB)[1010300, 1]
 2004[10] (iB)[1010300, 0]
    3[00] (bBBi)[2, 1, 0, 11010791]
    3[00] (bBBi)[2, 1, 0, 11015311]
 1000[01] (BBb)[4, 0, 2]
 2004[05] (iB)[1010300, 1]
 2004[41] (iBii)[1010300, 1, 1012320, -1]
 2004[09] (iiiiii)[1010300, -1, -1, -1, -1, -1]
 2004[13] (ii)[1010300, 1012340]
 2000[00] (iII|III)[0, 11010805, 11015320, 11015325, 7004, 11015350]
 2000[00] (iII|III)[1, 11010805, 11015326, 11015331, 7008, 11015350]
 2000[00] (iII|III)[2, 11010805, 11015332, 11015333, 7009, 11015350]
 2000[00] (iII|III)[3, 11010805, 11015334, 11015337, 7011, 11015350]
 2000[00] (iII|III)[4, 11010805, 11015338, 11015339, 7006, 11015350]
 2000[00] (iII|III)[5, 11010805, 11015320, 11015323, 7009, 11015351]
 2000[00] (iII|III)[6, 11010805, 11015324, 11015339, 7006, 11015351]
 2000[00] (iII|III)[7, 11010805, 11015320, 11015323, 7011, 11015352]
 2000[00] (iII|III)[8, 11010805, 11015324, 11015339, 7006, 11015352]
 2000[00] (iII|III)[9, 11010805, 11015320, 11015321, 7004, 11015353]
 2000[00] (iII|III)[10, 11010805, 11015322, 11015333, 7008, 11015353]
 2000[00] (iII|III)[11, 11010805, 11015334, 11015335, 7009, 11015353]
 2000[00] (iII|III)[12, 11010805, 11015336, 11015337, 7011, 11015353]
 2000[00] (iII|III)[0, 11010800, 11015338, 11015339, 7010, 11015353]
 2000[00] (iII|III)[1, 11010800, 11015320, 11015339, 7010, 11015354]

11010900, 1
 1003[01] (BBBi)[4, 0, 1, 0]
 2004[05] (iB)[1010300, 0]
 2004[05] (iB)[1010301, 0]
 2004[05] (iB)[1010302, 0]
 1000[04] (B)[0]
    4[02] (bibf)[7, 1010300, 3, 0.10000000149011612]
    3[00] (bBBi)[7, 0, 0, 11015312]
    3[00] (bBBi)[7, 0, 0, 11015300]
    0[00] (bBb)[1, 1, 7]
    0[00] (bBb)[2, 1, 7]
    0[00] (bBb)[3, 1, 7]
    3[00] (bBBi)[1, 0, 0, 11010791]
    3[00] (bBBi)[1, 0, 0, 11015311]
    3[00] (bBBi)[2, 1, 0, 11010791]
    3[00] (bBBi)[2, 0, 0, 11015311]
    3[00] (bBBi)[3, 1, 0, 11010791]
    3[00] (bBBi)[3, 1, 0, 11015311]
    0[00] (bBb)[-1, 1, 1]
    0[00] (bBb)[-1, 1, 2]
    0[00] (bBb)[-1, 1, 3]
    0[00] (bBb)[0, 1, -1]
 2003[02] (iB)[11015310, 1]
 1000[07] (BBb)[3, 0, 1]
 2003[18] (iiBBB)[1010300, 7001, 0, 1, 0]
 2004[05] (iB)[1010300, 0]
 1000[04] (B)[0]
 1000[07] (BBb)[3, 0, 2]
 2003[18] (iiBBB)[1010300, 7007, 0, 1, 0]
 2004[05] (iB)[1010300, 0]
 1000[04] (B)[0]
 2004[12] (iB)[1010300, 0]
 2004[04] (iB)[1010300, 1]

11010790, 1
 2004[10] (iB)[1010302, 0]
 2004[15] (iB)[1010302, 1]
 2004[05] (iB)[1010302, 0]
 1003[05] (Bb)[1, 1]
 2004[28] (ii)[1010302, 4095]
 1003[02] (BBBi)[0, 1, 1, 0]
    3[02] (bBii)[0, 1, 10000, 1012301]
 2003[02] (iB)[11010790, 1]
 2004[34] (iBb)[1010302, 1, 0]
 2011[01] (iB)[1013200, 0]
 2004[05] (iB)[1010302, 1]
 2004[41] (iBii)[1010302, 1, 1012300, -1]
 2003[18] (iiBBB)[1010302, 7012, 0, 1, 0]
 2004[05] (iB)[1010302, 0]
 2011[01] (iB)[1013200, 1]

11010791, 0
 1003[02] (BBBi)[0, 1, 1, 0]
    3[00] (bBBi)[1, 0, 0, 11015310]
    3[00] (bBBi)[1, 1, 0, 11010790]
    3[00] (bBBi)[1, 0, 0, 11010782]
    4[02] (bibf)[1, 1010300, 4, 0.10000000149011612]
    3[02] (bBii)[1, 1, 10000, 1012305]
    3[07] (bBi)[1, 0, 1012337]
    4[03] (bib)[2, 10000, 2]
    0[00] (bBb)[1, 0, 2]
    0[00] (bBb)[0, 1, 1]
 2003[02] (iB)[11015310, 1]
 2003[02] (iB)[11010791, 1]
 2003[02] (iB)[11010780, 1]
 2004[05] (iB)[1010300, 1]
 2004[41] (iBii)[1010300, 1, 1012302, -1]
 2004[09] (iiiiii)[1010300, 7006, -1, -1, -1, -1]
 2003[18] (iiBBB)[1010300, 7005, 0, 0, 0]
 1001[01] (i)[395]
 2004[41] (iBii)[1010300, 1, 1012310, -1]
 2003[02] (iB)[11015310, 0]

11010780, 0
 1003[01] (BBBi)[2, 0, 1, 0]
 2005[07] (ii)[1011290, 2]
 1000[04] (B)[0]
    4[08] (biiB)[0, 1010300, 1000, 1]
 2003[18] (iiBBB)[1011290, 1, 0, 1, 0]
 2003[18] (iiBBB)[1011290, 2, 1, 0, 0]

11010784, 1
    4[08] (biiB)[0, 1010300, 500, 1]
 2003[02] (iB)[11015300, 1]
    4[08] (biiB)[0, 1010300, 600, 1]
 2003[02] (iB)[11015300, 0]
 1000[04] (B)[1]

11015301, 1
 2004[05] (iB)[1010301, 0]
    4[07] (biB)[0, 1010300, 1]
 1003[01] (BBBi)[4, 0, 1, 0]
 2004[26] (iBB)[1010300, 0, 0]
 2004[27] (iBB)[1010300, 1, 1]
 2004[17] (iiB)[1010300, 20, 0]
 1000[04] (B)[0]
 2004[22] (ihhiffBB)[1010300, 3430, 1, 200, 1.0, 1.0, 0, 0]
    4[06] (biiib)[1, 1010300, 3430, 0, 5]
    3[00] (bBBi)[1, 0, 0, 11015300]
    4[01] (bii)[1, 1010300, 10000]
    4[02] (bibf)[1, 1010300, 4, 0.10000000149011612]
    4[00] (biB)[2, 1010300, 1]
    0[00] (bBb)[-1, 1, 1]
    0[00] (bBb)[-1, 1, 2]
    0[00] (bBb)[0, 1, -1]
 1000[08] (BBb)[0, 1, 2]
 1003[01] (BBBi)[2, 1, 0, 11015311]
 2003[18] (iiBBB)[1010300, 8000, 0, 0, 0]
 1000[03] (B)[1]
 2003[18] (iiBBB)[1010300, 8010, 0, 0, 0]
    4[08] (biiB)[0, 1010300, 400, 1]
 2004[26] (iBB)[1010300, 0, 0]
 2004[27] (iBB)[1010300, 1, 1]
 2004[42] (iBiii)[1010301, 2, 1010300, 66, 1010300]
 2004[05] (iB)[1010301, 1]
 2003[18] (iiBBB)[1010301, 8100, 0, 0, 0]
 2004[17] (iiB)[1010300, 20, 0]
 2004[20] (i)[1010300]
    4[03] (bib)[-7, 10000, 0]
    4[03] (bib)[-7, 10000, 8]
 1000[02] (BBb)[0, 0, -7]
 2003[36] (i)[34310000]

11015302, 0
    3[06] (bb)[-7, 0]
    4[03] (bib)[-7, 10000, 1]
    0[00] (bBb)[1, 1, -7]
    3[00] (bBBi)[1, 0, 0, 11015310]
    3[00] (bBBi)[1, 1, 0, 11010791]
    3[00] (bBBi)[1, 0, 0, 11015311]
    4[02] (bibf)[1, 1010300, 4, 0.10000000149011612]
    0[00] (bBb)[2, 1, 1]
    0[00] (bBb)[3, 1, 1]
    0[00] (bBb)[4, 1, 1]
    0[00] (bBb)[5, 1, 1]
    0[00] (bBb)[6, 1, 1]
    0[00] (bBb)[7, 1, 1]
    3[00] (bBBi)[2, 1, 0, 11010100]
    3[02] (bBii)[2, 1, 10000, 1012330]
    3[02] (bBii)[3, 1, 10000, 1012331]
    3[00] (bBBi)[4, 1, 0, 11010100]
    3[02] (bBii)[4, 1, 10000, 1012332]
    3[02] (bBii)[5, 1, 10000, 1012333]
    3[00] (bBBi)[6, 1, 0, 11015305]
    3[00] (bBBi)[7, 1, 0, 11015317]
    0[00] (bBb)[-1, 1, 2]
    0[00] (bBb)[-1, 1, 3]
    0[00] (bBb)[-1, 1, 4]
    0[00] (bBb)[-1, 1, 5]
    0[00] (bBb)[-1, 1, 6]
    0[00] (bBb)[-1, 1, 7]
    0[00] (bBb)[0, 1, -1]
 2003[02] (iB)[11015310, 1]
 1000[07] (BBb)[1, 0, 2]
 2003[02] (iB)[11015350, 1]
 1000[07] (BBb)[1, 0, 3]
 2003[02] (iB)[11015351, 1]
 1000[07] (BBb)[1, 0, 4]
 2003[02] (iB)[11015352, 1]
 1000[07] (BBb)[1, 0, 5]
 2003[02] (iB)[11015353, 1]
 1000[07] (BBb)[2, 1, 6]
 1000[07] (BBb)[1, 1, 7]
 1000[03] (B)[1]
 2003[02] (iB)[11015354, 1]
 2003[22] (iiB)[11015320, 11015339, 0]
 1003[05] (Bb)[2, 1]
 2003[17] (IIB)[11015320, 11015339, 1]
 2003[02] (iB)[11015313, 1]
 1000[04] (B)[1]

11010805, 0
    3[06] (bb)[1, 0]
    3[00] (bBBi)[1, 1, 0, 11015310]
    3[00] (bBBi)[1, 1, 0, 0]
    ^(4 <- 12, 4)
    3[01] (bBBii)[1, 2, 0, 0, 0]
    ^(4 <- 0, 4)
    ^(8 <- 4, 4)
    4[02] (bibf)[1, 1010300, 2, 0.10000000149011612]
    0[00] (bBb)[0, 1, 1]
 1003[02] (BBBi)[1, 1, 0, 11015311]
 1003[05] (Bb)[1, 1]
 2004[41] (iBii)[1010300, 1, 1012310, -1]
 1000[05] (Bbii)[2, 1, 0, 7011]
    ^(4 <- 8, 4)
 2003[02] (iB)[11015312, 1]
 2004[08] (ii)[1010300, 4160]
 1000[05] (Bbii)[1, 0, 0, 7006]
    ^(4 <- 8, 4)
 2003[18] (iiBBB)[1010300, -1, 0, 0, 0]
    ^(4 <- 8, 4)
 1000[05] (Bbii)[1, 1, 0, 7004]
    ^(4 <- 8, 4)
 1001[01] (i)[190]
 1000[05] (Bbii)[1, 1, 0, 7006]
    ^(4 <- 8, 4)
 1001[01] (i)[90]
 1000[05] (Bbii)[1, 1, 0, 7008]
    ^(4 <- 8, 4)
 1001[01] (i)[200]
 1000[05] (Bbii)[1, 1, 0, 7009]
    ^(4 <- 8, 4)
 1001[01] (i)[180]
 1000[05] (Bbii)[1, 1, 0, 7011]
    ^(4 <- 8, 4)
 1001[01] (i)[192]
 2004[21] (ii)[1010300, 4160]
 2004[41] (iBii)[1010300, 1, 1012310, -1]
 2003[22] (iiB)[11015350, 11015354, 0]
 2003[22] (iiB)[11015320, 11015339, 0]
 2003[02] (iB)[0, 0]
    ^(0 <- 12, 4)
 2003[02] (iB)[11015312, 0]
 2003[02] (iB)[11015310, 0]
 1000[04] (B)[1]

11010800, 0
    3[06] (bb)[1, 0]
    3[00] (bBBi)[1, 1, 0, 11015310]
    3[00] (bBBi)[1, 1, 0, 0]
    ^(4 <- 12, 4)
    3[01] (bBBii)[1, 2, 0, 0, 0]
    ^(4 <- 0, 4)
    ^(8 <- 4, 4)
    4[02] (bibf)[1, 1010300, 2, 0.10000000149011612]
    0[00] (bBb)[0, 1, 1]
 1003[02] (BBBi)[1, 1, 0, 11015311]
 2003[02] (iB)[11015311, 1]
 2004[31] (iB)[1010300, 0]
 2004[10] (iB)[1010300, 1]
 1003[05] (Bb)[1, 1]
 2004[41] (iBii)[1010300, 1, 1012310, -1]
 2004[09] (iiiiii)[1010300, -1, -1, -1, -1, -1]
 2004[35] (iB)[1010300, 1]
 2004[34] (iBb)[1010300, 1, 0]
 2004[08] (ii)[1010300, 4160]
 2003[18] (iiBBB)[1010300, -1, 0, 0, 0]
    ^(4 <- 8, 4)
 1001[01] (i)[111]
 2004[21] (ii)[1010300, 4160]
 2004[35] (iB)[1010300, 0]
 2003[22] (iiB)[11015350, 11015354, 0]
 2003[22] (iiB)[11015320, 11015339, 0]
 2003[02] (iB)[0, 0]
    ^(0 <- 12, 4)
 2003[02] (iB)[11015317, 0]
 2003[02] (iB)[11015310, 0]
 1000[04] (B)[1]

11010890, 0
    3[00] (bBBi)[1, 1, 0, 11015313]
    3[00] (bBBi)[2, 1, 0, 11015313]
    3[00] (bBBi)[3, 1, 0, 11015313]
    3[00] (bBBi)[4, 1, 0, 11015313]
    3[00] (bBBi)[5, 1, 0, 11015313]
    3[00] (bBBi)[6, 1, 0, 11015313]
    3[00] (bBBi)[7, 1, 0, 11015313]
    3[00] (bBBi)[1, 1, 0, 0]
    ^(4 <- 0, 4)
    3[00] (bBBi)[2, 1, 0, 0]
    ^(4 <- 4, 4)
    3[00] (bBBi)[3, 1, 0, 0]
    ^(4 <- 8, 4)
    3[00] (bBBi)[4, 1, 0, 0]
    ^(4 <- 12, 4)
    3[00] (bBBi)[5, 1, 0, 0]
    ^(4 <- 16, 4)
    3[00] (bBBi)[6, 1, 0, 0]
    ^(4 <- 20, 4)
    3[00] (bBBi)[7, 1, 0, 0]
    ^(4 <- 24, 4)
    0[00] (bBb)[-7, 1, 1]
    0[00] (bBb)[-7, 1, 2]
    0[00] (bBb)[-7, 1, 3]
    0[00] (bBb)[-7, 1, 4]
    0[00] (bBb)[-7, 1, 5]
    0[00] (bBb)[-7, 1, 6]
    0[00] (bBb)[-7, 1, 7]
    0[00] (bBb)[0, 1, -7]
 2003[02] (iB)[11015313, 0]
 1000[07] (BBb)[1, 0, 1]
 2003[02] (iB)[0, 1]
    ^(0 <- 0, 4)
 1000[07] (BBb)[1, 0, 2]
 2003[02] (iB)[0, 1]
    ^(0 <- 4, 4)
 1000[07] (BBb)[1, 0, 3]
 2003[02] (iB)[0, 1]
    ^(0 <- 8, 4)
 1000[07] (BBb)[1, 0, 4]
 2003[02] (iB)[0, 1]
    ^(0 <- 12, 4)
 1000[07] (BBb)[1, 0, 5]
 2003[02] (iB)[0, 1]
    ^(0 <- 16, 4)
 1000[07] (BBb)[1, 0, 6]
 2003[02] (iB)[0, 1]
    ^(0 <- 20, 4)
 1000[07] (BBb)[1, 0, 7]
 2003[02] (iB)[0, 1]
    ^(0 <- 24, 4)
 1000[04] (B)[1]

11015303, 0
    3[00] (bBBi)[1, 0, 0, 11015306]
    3[00] (bBBi)[1, 0, 0, 11015311]
    3[00] (bBBi)[1, 1, 0, 11010791]
    3[00] (bBBi)[1, 1, 0, 11010100]
    3[02] (bBii)[-7, 1, 10000, 1012332]
    3[02] (bBii)[-7, 1, 10000, 1012335]
    3[02] (bBii)[-7, 1, 10000, 1012336]
    0[00] (bBb)[1, 1, -7]
    3[00] (bBBi)[2, 1, 0, 11015306]
    3[00] (bBBi)[2, 0, 0, 11015311]
    3[00] (bBBi)[2, 1, 0, 11010791]
    3[07] (bBi)[2, 0, 1012332]
    3[07] (bBi)[2, 0, 1012335]
    3[07] (bBi)[2, 0, 1012336]
    0[00] (bBb)[-1, 1, 1]
    0[00] (bBb)[-1, 1, 2]
    0[00] (bBb)[0, 1, -1]
 1000[07] (BBb)[2, 1, 2]
 2003[02] (iB)[11015306, 1]
 1000[04] (B)[1]
 2003[02] (iB)[11015306, 0]
 2003[08] (iiB)[11015304, 0, 1]
 1000[04] (B)[1]

11015304, 0
 2000[02] (B)[0]
    3[00] (bBBi)[1, 0, 0, 11015305]
    3[00] (bBBi)[1, 1, 0, 11015306]
    0[00] (bBb)[0, 1, 1]
 1001[00] (f)[20.0]
 2003[02] (iB)[11015305, 1]
 1000[04] (B)[1]

11010850, 0
    3[00] (bBBi)[1, 1, 0, 11010791]
    3[00] (bBBi)[1, 0, 0, 11015311]
    4[02] (bibf)[1, 1010300, 4, 0.10000000149011612]
    4[01] (bii)[1, 1010300, 10000]
    0[00] (bBb)[0, 1, 1]
 2003[02] (iB)[11015317, 1]
 1000[04] (B)[1]

11010851, 0
    3[00] (bBBi)[1, 0, 0, 11015316]
    3[00] (bBBi)[1, 1, 0, 11010791]
    3[00] (bBBi)[1, 0, 0, 11015311]
    3[07] (bBi)[1, 0, 1012338]
    4[02] (bibf)[1, 1010300, 3, 0.699999988079071]
    4[02] (bibf)[1, 1010300, 4, 0.10000000149011612]
    3[00] (bBBi)[2, 1, 0, 11015316]
    3[00] (bBBi)[2, 1, 0, 11010791]
    3[02] (bBii)[2, 1, 10000, 1012338]
    0[00] (bBb)[-1, 1, 1]
    0[00] (bBb)[-1, 1, 2]
    0[00] (bBb)[0, 1, -1]
 1000[07] (BBb)[2, 1, 2]
 2003[02] (iB)[11015316, 1]
 1000[04] (B)[1]
 2003[02] (iB)[11015316, 0]
 2003[08] (iiB)[11010852, 0, 1]
 1000[04] (B)[1]

11010852, 0
 2000[02] (B)[0]
    3[00] (bBBi)[1, 0, 0, 11015315]
    3[00] (bBBi)[1, 1, 0, 11015316]
    0[00] (bBb)[0, 1, 1]
 1001[00] (f)[60.0]
 2003[02] (iB)[11015315, 1]
 1000[04] (B)[1]

11015307, 1
    3[00] (bBBi)[1, 0, 0, 11015310]
    3[00] (bBBi)[1, 1, 0, 11010791]
    3[00] (bBBi)[1, 1, 0, 11015311]
    4[02] (bibf)[1, 1010300, 4, 0.10000000149011612]
    0[00] (bBb)[0, 1, 1]
 2004[01] (iB)[1010300, 1]
 2004[16] (i)[1010300]
 2004[20] (i)[1010300]
 2004[13] (ii)[1010300, 1012320]
    4[08] (biiB)[0, 1010300, 700, 1]
 2004[41] (iBii)[1010300, 1, 1012340, -1]
 2004[09] (iiiiii)[1010300, 7006, -1, -1, -1, -1]
 2003[18] (iiBBB)[1010300, 7016, 0, 0, 0]
 1001[01] (i)[110]
 2004[41] (iBii)[1010300, 1, 1012310, -1]
 2004[17] (iiB)[1010300, -1, 1]
 2004[01] (iB)[1010300, 0]
 2004[16] (i)[1010300]
 2004[20] (i)[1010300]
 2003[02] (iB)[11015305, 0]
 2003[02] (iB)[11015309, 0]
 2003[02] (iB)[11015311, 0]
 1000[04] (B)[1]

11015308, 0
    3[00] (bBBi)[1, 0, 0, 11015309]
    3[00] (bBBi)[1, 0, 0, 11015310]
    3[00] (bBBi)[1, 1, 0, 11010791]
    4[02] (bibf)[1, 1010300, 4, 0.10000000149011612]
    3[07] (bBi)[1, 0, 1012334]
    3[00] (bBBi)[2, 1, 0, 11015309]
    3[00] (bBBi)[2, 0, 0, 11015310]
    3[00] (bBBi)[2, 1, 0, 11010791]
    4[02] (bibf)[2, 1010300, 4, 0.10000000149011612]
    3[02] (bBii)[2, 1, 10000, 1012334]
    0[00] (bBb)[-1, 1, 1]
    0[00] (bBb)[-1, 1, 2]
    0[00] (bBb)[0, 1, -1]
 1000[07] (BBb)[5, 1, 2]
 2003[02] (iB)[11015309, 1]
 2004[17] (iiB)[1010300, 1, 1]
 2004[16] (i)[1010300]
 2004[20] (i)[1010300]
 1000[04] (B)[1]
 2003[02] (iB)[11015309, 0]
 2004[17] (iiB)[1010300, -1, 1]
 2004[16] (i)[1010300]
 2004[20] (i)[1010300]
 1000[04] (B)[1]

11010782, 0
    3[00] (bBBi)[1, 0, 0, 11015310]
    3[00] (bBBi)[1, 1, 0, 11010790]
    3[00] (bBBi)[1, 1, 0, 11010791]
    3[00] (bBBi)[1, 0, 0, 11015311]
    4[03] (bib)[7, 10000, 2]
    0[00] (bBb)[1, 0, 7]
    3[02] (bBii)[1, 1, 10000, 1012337]
    0[00] (bBb)[0, 1, 1]
 1001[01] (i)[10]
 1003[02] (BBBi)[1, 1, 0, 11015311]
 2003[02] (iB)[11015310, 1]
 2003[02] (iB)[11015312, 1]
 2003[02] (iB)[11010791, 0]
 2004[34] (iBb)[1010300, 1, 0]
 2003[18] (iiBBB)[1010300, 7013, 0, 1, 0]
 2004[05] (iB)[1010300, 0]
 2004[40] (iBiii)[1010300, 1, 1012310, -1, 1013210]

11010783, 0
    3[00] (bBBi)[1, 0, 0, 11015310]
    3[00] (bBBi)[1, 1, 0, 11010790]
    3[00] (bBBi)[1, 1, 0, 11010791]
    3[00] (bBBi)[1, 0, 0, 11015311]
    3[00] (bBBi)[1, 1, 0, 11015315]
    0[00] (bBb)[0, 1, 1]
 2003[02] (iB)[11015310, 1]
 2004[09] (iiiiii)[1010300, 7018, -1, -1, -1, -1]
 2003[18] (iiBBB)[1010300, 7017, 0, 1, 0]
    4[02] (bibf)[0, 1010300, 4, 0.699999988079071]
 2004[09] (iiiiii)[1010300, 7006, -1, -1, -1, -1]
 2003[18] (iiBBB)[1010300, 7019, 0, 0, 0]
 1001[01] (i)[50]
 2003[02] (iB)[11015315, 0]
 2003[02] (iB)[11015316, 0]
 2003[02] (iB)[11015310, 0]
 1000[04] (B)[1]

11010200, 0
    4[07] (biB)[1, 1010300, 1]
    4[08] (biiB)[1, 1010300, -1, 1]
    ^(8 <- 0, 4)
    0[00] (bBb)[0, 1, 1]
 2004[36] (iii)[1010300, 1011060, 0]
    ^(8 <- 4, 4)
    4[08] (biiB)[0, 1010300, -1, 0]
    ^(8 <- 0, 4)
 1000[04] (B)[1]

11010510, 0
    4[02] (bibf)[1, 0, 5, 0.8999999761581421]
    ^(4 <- 0, 4)
    4[02] (bibf)[1, 0, 2, 0.0]
    ^(4 <- 0, 4)
    4[01] (bii)[1, 0, 10000]
    ^(4 <- 0, 4)
    3[00] (bBBi)[2, 1, 0, 0]
    ^(4 <- 4, 4)
    3[00] (bBBi)[2, 1, 2, 0]
    3[00] (bBBi)[3, 1, 0, 0]
    ^(4 <- 4, 4)
    3[00] (bBBi)[3, 0, 2, 0]
    0[00] (bBb)[-1, 1, 1]
    0[00] (bBb)[-1, 1, 2]
    0[00] (bBb)[-1, 1, 3]
    0[00] (bBb)[0, 1, -1]
 1000[07] (BBb)[2, 0, 3]
 2004[05] (iB)[0, 0]
    ^(0 <- 0, 4)
    3[00] (bBBi)[0, 1, 0, 703]
 2003[02] (iB)[0, 1]
    ^(0 <- 4, 4)
 2004[44] (iB)[0, 9]
    ^(0 <- 0, 4)
 2000[05] (B)[0]
 1003[02] (BBBi)[1, 0, 2, 0]
    3[00] (bBBi)[0, 1, 0, 744]
 2003[02] (iB)[744, 1]
    3[00] (bBBi)[0, 0, 0, 744]
 1000[04] (B)[1]

11010520, 0
 1003[01] (BBBi)[2, 0, 2, 0]
 2004[37] (i)[0]
    ^(0 <- 0, 4)
 1000[04] (B)[0]
    4[02] (bibf)[0, 0, 5, 0.0]
    ^(4 <- 0, 4)
 2003[22] (iiB)[0, 0, 0]
    ^(0 <- 4, 4)
    ^(4 <- 8, 4)
 2003[02] (iB)[0, 1]
    ^(0 <- 12, 4)

11010501, 0
    3[00] (bBBi)[1, 0, 0, 1176]
    3[00] (bBBi)[1, 0, 0, 1179]
    3[00] (bBBi)[1, 1, 0, 1175]
    4[02] (bibf)[1, 0, 5, 0.8999999761581421]
    ^(4 <- 0, 4)
    4[02] (bibf)[1, 0, 2, 0.0]
    ^(4 <- 0, 4)
    4[01] (bii)[1, 0, 10000]
    ^(4 <- 0, 4)
    3[00] (bBBi)[2, 1, 0, 0]
    ^(4 <- 4, 4)
    3[00] (bBBi)[2, 1, 1, 0]
    0[00] (bBb)[-1, 1, 1]
    0[00] (bBb)[-1, 1, 2]
    0[00] (bBb)[0, 1, -1]
 2003[02] (iB)[0, 1]
    ^(0 <- 4, 4)
 2004[05] (iB)[0, 1]
    ^(0 <- 0, 4)
 2004[44] (iB)[0, 9]
    ^(0 <- 0, 4)
 2004[19] (ii)[0, 1]
    ^(0 <- 0, 4)
 2000[05] (B)[0]
 1003[02] (BBBi)[1, 0, 1, 0]
    3[00] (bBBi)[0, 1, 0, 744]
    3[00] (bBBi)[0, 0, 0, 744]
 1000[04] (B)[1]

11010530, 0
    3[00] (bBBi)[1, 0, 0, 1004]
    3[00] (bBBi)[1, 1, 0, 1000]
    3[00] (bBBi)[1, 1, 0, 11010591]
    0[00] (bBb)[0, 1, 1]
 2003[22] (iiB)[0, 0, 0]
    ^(0 <- 4, 4)
    ^(4 <- 8, 4)
 2003[02] (iB)[0, 1]
    ^(0 <- 12, 4)
 2004[05] (iB)[0, 1]
    ^(0 <- 0, 4)

11010531, 0
    3[00] (bBBi)[1, 0, 0, 1004]
    3[00] (bBBi)[1, 1, 0, 1008]
    3[00] (bBBi)[1, 1, 0, 11510594]
    0[00] (bBb)[0, 1, 1]
 2003[22] (iiB)[0, 0, 0]
    ^(0 <- 4, 4)
    ^(4 <- 8, 4)
 2003[02] (iB)[0, 1]
    ^(0 <- 12, 4)
 2004[40] (iBiii)[0, 1, 1012530, -1, 1013050]
    ^(0 <- 0, 4)
 2004[13] (ii)[0, 1012530]
    ^(0 <- 0, 4)
 2004[05] (iB)[0, 1]
    ^(0 <- 0, 4)

11010532, 0
    3[00] (bBBi)[1, 0, 0, 1114]
    3[00] (bBBi)[1, 1, 0, 1110]
    3[00] (bBBi)[1, 1, 0, 11010181]
    0[00] (bBb)[0, 1, 1]
 2003[22] (iiB)[0, 0, 0]
    ^(0 <- 4, 4)
    ^(4 <- 8, 4)
 2003[02] (iB)[0, 1]
    ^(0 <- 12, 4)
 2004[09] (iiiiii)[0, -1, -1, -1, -1, -1]
    ^(0 <- 0, 4)

11010533, 0
    3[00] (bBBi)[1, 0, 0, 1176]
    3[00] (bBBi)[1, 0, 0, 1179]
    3[00] (bBBi)[1, 1, 0, 1174]
    3[00] (bBBi)[1, 1, 0, 11310590]
    0[00] (bBb)[0, 1, 1]
 2003[22] (iiB)[0, 0, 0]
    ^(0 <- 4, 4)
    ^(4 <- 8, 4)
 2003[02] (iB)[0, 1]
    ^(0 <- 12, 4)
 2004[05] (iB)[0, 1]
    ^(0 <- 0, 4)
 2003[32] (iI)[600, 4]

11010534, 0
    3[00] (bBBi)[1, 0, 0, 1176]
    3[00] (bBBi)[1, 0, 0, 1179]
    3[00] (bBBi)[1, 1, 0, 1175]
    3[00] (bBBi)[1, 1, 0, 724]
    4[00] (biB)[1, 0, 0]
    ^(4 <- 0, 4)
    3[00] (bBBi)[1, 0, 1, 0]
    3[06] (bb)[2, 0]
    3[00] (bBBi)[2, 0, 0, 1176]
    3[00] (bBBi)[2, 0, 0, 1177]
    3[00] (bBBi)[2, 0, 0, 1179]
    3[00] (bBBi)[2, 0, 0, 1180]
    3[00] (bBBi)[2, 1, 1, 0]
    0[00] (bBb)[-1, 1, 1]
    0[00] (bBb)[-1, 1, 2]
    0[00] (bBb)[0, 1, -1]
 1000[08] (BBb)[0, 1, 1]
 2003[22] (iiB)[0, 0, 0]
    ^(0 <- 4, 4)
    ^(4 <- 8, 4)
 2003[02] (iB)[0, 1]
    ^(0 <- 12, 4)
 2004[05] (iB)[0, 0]
    ^(0 <- 0, 4)

11010535, 0
    3[00] (bBBi)[1, 0, 0, 1176]
    3[00] (bBBi)[-7, 1, 0, 1175]
    3[00] (bBBi)[-7, 1, 0, 1179]
    0[00] (bBb)[1, 1, -7]
    4[02] (bibf)[1, 0, 5, 0.0]
    ^(4 <- 0, 4)
    3[00] (bBBi)[1, 0, 1, 0]
    3[00] (bBBi)[2, 1, 0, 1180]
    3[00] (bBBi)[2, 1, 1, 0]
    0[00] (bBb)[-1, 1, 1]
    0[00] (bBb)[-1, 1, 2]
    0[00] (bBb)[0, 1, -1]
 2003[22] (iiB)[0, 0, 0]
    ^(0 <- 4, 4)
    ^(4 <- 8, 4)
 2003[02] (iB)[0, 1]
    ^(0 <- 12, 4)
 1000[08] (BBb)[0, 1, 1]
 2004[37] (i)[0]
    ^(0 <- 0, 4)

11010537, 0
    3[00] (bBBi)[1, 0, 0, 1176]
    3[00] (bBBi)[1, 0, 0, 1179]
    3[00] (bBBi)[1, 1, 0, 1175]
    3[00] (bBBi)[1, 0, 0, 1196]
    3[00] (bBBi)[1, 0, 0, 1198]
    3[12] (biBBI)[1, 600, 4, 4, 2]
    3[00] (bBBi)[1, 0, 1, 0]
    3[00] (bBBi)[2, 1, 0, 703]
    3[00] (bBBi)[3, 1, 0, 11010599]
    3[00] (bBBi)[3, 1, 0, 0]
    ^(4 <- 12, 4)
    3[00] (bBBi)[3, 1, 1, 0]
    3[00] (bBBi)[4, 0, 0, 11010599]
    3[00] (bBBi)[4, 1, 0, 0]
    ^(4 <- 12, 4)
    3[00] (bBBi)[4, 1, 1, 0]
    0[00] (bBb)[-1, 1, 1]
    0[00] (bBb)[-1, 1, 2]
    0[00] (bBb)[-1, 1, 3]
    0[00] (bBb)[-1, 1, 4]
    0[00] (bBb)[0, 1, -1]
 1000[07] (BBb)[8, 1, 3]
 1000[07] (BBb)[9, 0, 1]
 2003[02] (iB)[11010599, 1]
 1003[05] (Bb)[3, 1]
 2003[02] (iB)[50006070, 1]
 2003[02] (iB)[50006071, 0]
 2003[02] (iB)[50006080, 0]
 2003[22] (iiB)[0, 0, 0]
    ^(0 <- 4, 4)
    ^(4 <- 8, 4)
 2003[02] (iB)[0, 1]
    ^(0 <- 12, 4)
 2004[37] (i)[0]
    ^(0 <- 0, 4)
 1000[04] (B)[0]
 1000[07] (BBb)[3, 0, 2]
 2003[22] (iiB)[0, 0, 0]
    ^(0 <- 4, 4)
    ^(4 <- 8, 4)
 2003[02] (iB)[0, 1]
    ^(0 <- 12, 4)
 1000[04] (B)[0]
 2004[37] (i)[0]
    ^(0 <- 0, 4)

11010538, 0
    3[00] (bBBi)[1, 0, 0, 1176]
    3[00] (bBBi)[1, 0, 0, 1179]
    3[00] (bBBi)[1, 1, 0, 1175]
    3[00] (bBBi)[1, 1, 0, 11010596]
    0[00] (bBb)[0, 1, 1]
 2003[02] (iB)[11010596, 0]
 2003[32] (iI)[600, 4]
 1000[04] (B)[1]

11010539, 0
 1003[06] (Bb)[0, 1]
    3[00] (bBBi)[1, 1, 0, 1177]
    3[00] (bBBi)[1, 1, 0, 50006071]
    0[00] (bBb)[0, 1, 1]
 2003[02] (iB)[815, 1]

11010550, 0
    3[00] (bBBi)[1, 0, 0, 1574]
    3[00] (bBBi)[1, 1, 0, 1570]
    3[00] (bBBi)[1, 1, 0, 11010190]
    4[00] (biB)[1, 0, 0]
    ^(4 <- 0, 4)
    0[00] (bBb)[0, 1, 1]
 2003[22] (iiB)[0, 0, 0]
    ^(0 <- 4, 4)
    ^(4 <- 8, 4)
 2003[02] (iB)[0, 1]
    ^(0 <- 12, 4)
 2003[02] (iB)[11010584, 1]

11010551, 0
 1003[02] (BBBi)[0, 1, 0, 11010593]
 2005[14] (iiiB)[1011308, -1, 0, 0]
 2005[14] (iiiB)[1011308, -1, 1, 0]
 2005[14] (iiiB)[1011308, -1, 2, 0]
 2005[14] (iiiB)[1011308, -1, 3, 0]
    3[00] (bBBi)[0, 1, 0, 11010593]
 2005[14] (iiiB)[1011308, -1, 0, 1]
 2005[14] (iiiB)[1011308, -1, 1, 1]

11010552, 0
    3[00] (bBBi)[1, 0, 0, 1574]
    3[00] (bBBi)[1, 1, 0, 1570]
    3[00] (bBBi)[-1, 1, 0, 3]
    3[00] (bBBi)[2, 1, 0, 812]
    3[00] (bBBi)[2, 1, 0, 813]
    0[00] (bBb)[-1, 1, 2]
    0[00] (bBb)[1, 1, -1]
    0[00] (bBb)[0, 1, 1]
 2003[22] (iiB)[0, 0, 0]
    ^(0 <- 4, 4)
    ^(4 <- 8, 4)
 2003[02] (iB)[0, 1]
    ^(0 <- 12, 4)
 2004[05] (iB)[0, 0]
    ^(0 <- 0, 4)

11010581, 0
 1003[02] (BBBi)[0, 1, 1, 0]
    3[00] (bBBi)[0, 1, 0, 11010700]
 2004[05] (iB)[0, 1]
    ^(0 <- 0, 4)

11010582, 1
 1003[05] (Bb)[1, 1]
 2003[02] (iB)[11010586, 0]
 1003[01] (BBBi)[4, 1, 0, 11010586]
    3[00] (bBBi)[-1, 1, 0, 1175]
    3[00] (bBBi)[-1, 1, 0, 1179]
    3[00] (bBBi)[-1, 1, 0, 1181]
    0[00] (bBb)[0, 1, -1]
 2003[02] (iB)[11010586, 1]
 2004[05] (iB)[1010320, 0]

11010583, 0
 1003[06] (Bb)[0, 1]
    3[00] (bBBi)[0, 1, 0, 744]
    3[00] (bBBi)[0, 0, 0, 744]
 1001[00] (f)[1.0]
 2004[41] (iBii)[6001, 1, 1012010, -1]
 2004[09] (iiiiii)[6001, 7845, -1, -1, -1, -1]
 2004[41] (iBii)[6040, 1, 1012011, -1]
 2004[41] (iBii)[6072, 1, 1012012, -1]
 2004[09] (iiiiii)[6072, 7880, -1, -1, -1, -1]
 2004[41] (iBii)[6190, 1, 1012013, -1]
 2004[09] (iiiiii)[6190, 9000, -1, -1, -1, -1]
 2003[02] (iB)[11015090, 0]
 2005[02] (i)[1011010]
 2003[08] (iiB)[11015090, 0, 1]
 2004[41] (iBii)[6230, 1, 1012014, -1]
 2004[09] (iiiiii)[6230, 9000, -1, -1, -1, -1]
 2004[41] (iBii)[6300, 1, 1012015, -1]
 2004[09] (iiiiii)[6300, 7825, -1, -1, -1, -1]
 1000[04] (B)[1]

11010580, 0
    4[03] (bib)[-7, 10000, 0]
    4[03] (bib)[-7, 10000, 8]
    0[00] (bBb)[1, 1, -7]
    3[00] (bBBi)[1, 1, 0, 11015030]
    3[00] (bBBi)[1, 0, 0, 11015031]
    0[00] (bBb)[2, 1, -7]
    3[00] (bBBi)[2, 0, 0, 11015030]
    3[00] (bBBi)[2, 1, 0, 11015031]
    0[00] (bBb)[-1, 1, 1]
    0[00] (bBb)[-1, 1, 2]
    0[00] (bBb)[0, 1, -1]
 1000[09] (f)[3.0]
 1000[07] (BBb)[9, 0, 1]
 2004[08] (ii)[10000, 4170]
 1003[05] (Bb)[1, 1]
 2004[14] (ii)[10000, 6480]
 1003[05] (Bb)[1, 0]
 1003[01] (BBBi)[1, 0, 1, 0]
 2003[18] (iiBBB)[10000, 7895, 0, 1, 0]
 2003[18] (iiBBB)[10000, 7896, 1, 0, 0]
 2003[02] (iB)[11015031, 1]
 1000[04] (B)[1]
 2004[21] (ii)[10000, 4170]
 1003[05] (Bb)[1, 0]
 1003[01] (BBBi)[1, 0, 1, 0]
 2003[18] (iiBBB)[10000, 7897, 0, 1, 0]
 2003[02] (iB)[11015031, 0]
 1000[04] (B)[1]

11010585, 0
 2000[02] (B)[0]
 1001[01] (i)[2]
 2003[02] (iB)[11010580, 1]

11015090, 1
 1003[02] (BBBi)[0, 1, 0, 0]
    ^(4 <- 0, 4)
 1003[02] (BBBi)[0, 1, 0, 0]
    ^(4 <- 4, 4)
 2005[13] (iB)[0, 1]
    ^(0 <- 8, 4)
    3[00] (bBBi)[-1, 1, 0, 0]
    ^(4 <- 0, 4)
    3[00] (bBBi)[-1, 1, 0, 0]
    ^(4 <- 4, 4)
    0[00] (bBb)[0, 1, -1]
 2005[13] (iB)[0, 0]
    ^(0 <- 8, 4)
 1001[01] (i)[1]
 2005[01] (ib)[0, 1]
    ^(0 <- 8, 4)
 2010[02] (iii)[0, 3, 125200000]
    ^(0 <- 8, 4)
 2003[02] (iB)[11015090, 1]
    3[00] (bBBi)[0, 1, 0, 703]
 1000[04] (B)[0]

11015100, 0
 1003[05] (Bb)[1, 1]
 2004[28] (ii)[6540, 4095]
 1003[01] (BBBi)[1, 0, 1, 0]
 2004[05] (iB)[6001, 0]
 1003[01] (BBBi)[3, 1, 0, 11015106]
    3[06] (bb)[2, 1]
    3[00] (bBBi)[2, 1, 0, 11015102]
 1000[01] (BBb)[1, 1, 2]
 2004[05] (iB)[6540, 0]
 1003[02] (BBBi)[0, 1, 0, 3]
    3[06] (bb)[1, 0]
    4[03] (bib)[1, 10000, 0]
    3[00] (bBBi)[-1, 1, 0, 1004]
    3[00] (bBBi)[-1, 1, 0, 1005]
    3[00] (bBBi)[-1, 1, 0, 1006]
    3[00] (bBBi)[-1, 1, 0, 1010]
    3[00] (bBBi)[-1, 1, 0, 1011]
    0[00] (bBb)[1, 0, -1]
    4[07] (biB)[1, 6540, 1]
    0[00] (bBb)[0, 1, 1]
 2003[25] (iiiii)[0, 6540, 1012000, 11015102, 11015106]
 2004[05] (iB)[6001, 0]

11015101, 0
 1003[02] (BBBi)[0, 1, 1, 0]
    3[00] (bBBi)[1, 1, 0, 11015102]
    3[00] (bBBi)[1, 1, 0, 11015393]
    0[00] (bBb)[0, 1, 1]
 2004[17] (iiB)[6540, 10, 0]
 2004[20] (i)[6540]
    3[02] (bBii)[0, 1, 6540, 1012998]
 2004[14] (ii)[6540, 1012997]
 2003[18] (iiBBB)[6540, 7410, 0, 0, 0]
 2004[17] (iiB)[6540, -1, 0]
 2004[20] (i)[6540]

11015103, 0
 1003[05] (Bb)[1, 1]
 2004[28] (ii)[6590, 4095]
 1003[01] (BBBi)[3, 1, 0, 11015107]
    3[06] (bb)[2, 1]
    3[00] (bBBi)[2, 1, 0, 11015105]
 1000[01] (BBb)[1, 1, 2]
 2004[05] (iB)[6590, 0]
 1003[02] (BBBi)[0, 1, 0, 3]
    3[06] (bb)[1, 0]
    4[03] (bib)[1, 10000, 0]
    3[00] (bBBi)[1, 1, 0, 11020607]
    3[00] (bBBi)[-1, 1, 0, 1572]
    3[00] (bBBi)[-1, 1, 0, 1573]
    0[00] (bBb)[1, 1, -1]
    3[00] (bBBi)[1, 0, 0, 1574]
    4[07] (biB)[1, 6590, 1]
    3[03] (bBiif)[1, 1, 6590, 10000, 20.0]
    0[00] (bBb)[0, 1, 1]
 2003[25] (iiiii)[0, 6590, 1012001, 11015105, 11015107]
    3[00] (bBBi)[0, 1, 0, 11015105]
 2004[08] (ii)[6590, 5450]

11015104, 0
 1003[02] (BBBi)[0, 1, 1, 0]
    3[00] (bBBi)[1, 1, 0, 11015105]
    3[00] (bBBi)[1, 1, 0, 11015393]
    0[00] (bBb)[0, 1, 1]
 2004[17] (iiB)[6590, 10, 0]
 2004[20] (i)[6590]
    3[02] (bBii)[0, 1, 6590, 1012998]
 2004[14] (ii)[6590, 1012997]
 2003[18] (iiBBB)[6590, 7410, 0, 0, 0]
 2004[17] (iiB)[6590, -1, 0]
 2004[20] (i)[6590]