0, 0
 2009[03] (iiffi)[11000992, 1001960, 2.0, 180.0, 0]
 2009[00] (iii)[11000010, 11000011, 1001140]
 2005[10] (iBBB)[1001900, 10, 0, 0]
 2005[10] (iBBB)[1001901, 10, 0, 0]
 2005[10] (iBBB)[1001902, 10, 0, 0]
 2005[10] (iBBB)[1001903, 10, 0, 0]
 2005[10] (iBBB)[1001904, 10, 0, 0]
 2005[10] (iBBB)[1001905, 10, 0, 0]
 2005[10] (iBBB)[1001906, 10, 0, 0]
 2005[10] (iBBB)[1001907, 10, 0, 0]
 1003[05] (Bb)[5, 1]
 2003[02] (iB)[11000000, 0]
 2005[03] (iB)[1001994, 0]
 2006[01] (iB)[1001995, 0]
 2005[03] (iB)[1001996, 0]
 2006[01] (iB)[1001997, 0]
 1003[01] (BBBi)[1, 0, 0, 11000100]
 2005[07] (ii)[1001319, 0]
 2000[00] (iII|III)[0, 11000090, 1001700, 1001701, 1002600, 1002601]
 2000[00] (iII)[0, 11005080, 0]
 2000[00] (iII)[0, 11005081, 0]
 2000[00] (iII)[0, 11005082, 0]
 2000[00] (iII)[0, 11000100, 0]
 2000[00] (iII)[0, 11000101, 0]
 2000[00] (iII|IIII)[0, 11000120, 11000120, 10010877, 1001315, 10010883, 2018]
 2000[00] (iII)[0, 11000200, 0]
 2000[00] (iII)[0, 11000800, 0]
 2000[00] (iII)[0, 11005050, 0]
 2000[00] (iII)[0, 11005060, 0]
 2000[00] (iII)[0, 11005070, 0]
 2000[00] (iII)[0, 11000110, 0]
 2000[00] (iII)[0, 11000111, 0]
 2000[00] (iII|I)[0, 11000600, 1001650, 11000600]
 2010[03] (iB)[1003800, 0]
 1003[01] (BBBi)[4, 0, 0, 2]
 2000[00] (iII)[0, 11005392, 0]
 2005[03] (iB)[1001990, 0]
 2006[01] (iB)[1001991, 0]
 1000[03] (B)[10]
 2000[00] (iII)[0, 11005390, 0]
 2000[00] (iII)[0, 11005391, 0]
 2000[00] (iII)[0, 11005393, 0]
 2000[00] (iII)[0, 11005392, 0]
 2000[00] (iII)[0, 11000001, 0]
 2000[00] (iII)[0, 11005394, 0]
 2000[00] (iII)[0, 11005395, 0]
 2000[00] (iII)[0, 11005396, 0]
 2000[00] (iII)[0, 11005397, 0]
 2000[00] (iII)[0, 11005398, 0]
 2000[00] (iII|II)[0, 11005000, 1001000, 1001000, 1]
 2000[00] (iII|II)[1, 11005000, 1001001, 1001001, 1]
 2000[00] (iII|II)[2, 11005000, 1001002, 1001002, 3]
 2000[00] (iII|I)[0, 11005200, 1000120, 1002020]
 2000[00] (iII|I)[1, 11005200, 1000121, 1002020]
 2000[00] (iII|I)[2, 11005200, 1000122, 1002020]
 2000[00] (iII|I)[3, 11005200, 1000123, 1002020]
 2000[00] (iII|I)[4, 11005200, 1000124, 1002020]
 2000[00] (iII|I)[5, 11005200, 1000125, 1002020]
 2000[00] (iII|I)[6, 11005200, 1000110, 1002021]
 2000[00] (iII|I)[7, 11005200, 1000111, 1002021]
 2000[00] (iII|I)[8, 11005200, 1000112, 1002022]
 2000[00] (iII|I)[9, 11005200, 1000113, 1002022]
 2000[00] (iII|I)[10, 11005200, 1000126, 1002022]
 2000[00] (iII|II)[0, 11005100, 1002100, 1000100, 0]
 2000[00] (iII|II)[1, 11005100, 1002101, 1000101, 0]
 2000[00] (iII|II)[2, 11005100, 1002102, 1000102, 0]
 2000[00] (iII|II)[3, 11005100, 1002102, 1000103, 1058642330]
 2000[00] (iII|II)[4, 11005100, 1002103, 1000104, 0]
 2000[00] (iII|II)[5, 11005100, 1002103, 1000105, 1045220557]
 2000[00] (iII|II)[6, 11005100, 1002103, 1000106, 1063675494]
 2000[00] (iII|II)[7, 11005100, 1002107, 1000107, 0]
 2000[00] (iII|I)[0, 11005150, 1000150, 1001100]
 2000[00] (iII|I)[1, 11005150, 1000151, 1001101]
 2000[00] (iII|I)[2, 11005150, 1000152, 1001102]
 2000[00] (iII)[0, 11000850, 1000110]
 2000[00] (iII)[1, 11000850, 1000099]
 2000[00] (iII)[2, 11000850, 1000090]
 2000[00] (iII)[3, 11000850, 1000300]

50, 0
 2004[45] (ii)[6541, 8310]
 2004[45] (ii)[6591, 8462]
 2004[45] (ii)[6562, 8956]
 2000[00] (iII)[0, 11005030, 0]
 2000[00] (iII)[0, 11005031, 0]
 2000[00] (iII)[0, 11005033, 0]
 2000[00] (iII)[0, 11005034, 0]
 2000[00] (iII)[0, 11005039, 0]
 2000[00] (iII)[0, 11000810, 0]
 2004[45] (ii)[6130, 8390]
 1003[05] (Bb)[1, 1]
 2003[02] (iB)[11000580, 0]
 1003[01] (BBBi)[3, 1, 0, 11000580]
 1003[01] (BBBi)[2, 1, 0, 1250]
 1003[01] (BBBi)[1, 1, 0, 1253]
 2004[05] (iB)[6130, 0]
 1003[01] (BBBi)[2, 0, 0, 1250]
 2004[10] (iB)[6130, 0]
 2004[31] (iB)[6130, 1]
 2000[00] (iII|III)[0, 11000530, 6130, 1250, 1255, 1251]
 2000[00] (iII)[0, 11000531, 6130]
 2000[00] (iII|I)[0, 11000510, 6130, 1253]
 2000[00] (iII|III)[0, 11000520, 6130, 1250, 1255, 1254]
 2000[00] (iII)[0, 11000534, 6130]
 2004[45] (ii)[6260, 8430]
 1003[01] (BBBi)[2, 1, 0, 1434]
 1003[01] (BBBi)[1, 1, 0, 1430]
 2004[05] (iB)[6260, 0]
 2000[00] (iII|III)[0, 11000532, 6260, 1430, 1459, 1431]
 2000[00] (iII|I)[1, 11000510, 6260, 1434]
 2000[00] (iII|I)[0, 11000533, 6260, 1435]

11000090, 0
 1003[01] (BBBi)[3, 0, 2, 0]
 2005[03] (iB)[0, 0]
    ^(0 <- 0, 4)
 2006[01] (iB)[0, 0]
    ^(0 <- 4, 4)
 1000[04] (B)[0]
    3[18] (biifhfiBii)[1, 1, 0, 0.0, -1, 0.0, 10010403, 48, 0, 0]
    ^(36 <- 0, 4)
    ^(8 <- 8, 4)
    3[18] (biifhfiBii)[2, 1, 0, 0.0, -1, 0.0, 10010407, 48, 0, 0]
    ^(36 <- 0, 4)
    ^(8 <- 12, 4)
    0[00] (bBb)[-1, 1, 1]
    0[00] (bBb)[-1, 1, 2]
    0[00] (bBb)[0, 1, -1]
 1000[07] (BBb)[2, 1, 2]
 2004[41] (iBii)[10000, 1, 0, -1]
    ^(8 <- 8, 4)
 1000[03] (B)[1]
 2004[41] (iBii)[10000, 1, 0, -1]
    ^(8 <- 12, 4)
 2003[18] (iiBBB)[10000, 7410, 0, 0, 0]
 2005[03] (iB)[0, 0]
    ^(0 <- 0, 4)
 2006[01] (iB)[0, 1]
    ^(0 <- 4, 4)

11005080, 1
 1003[02] (BBBi)[0, 1, 1, 0]
 2004[05] (iB)[1000900, 0]
 2004[05] (iB)[1000901, 0]
 2004[05] (iB)[1000902, 0]
 2004[05] (iB)[1000903, 0]
 2004[05] (iB)[1000904, 0]
 2004[05] (iB)[1000905, 0]
 2004[05] (iB)[1000906, 0]
 2004[05] (iB)[1000907, 0]
 2004[05] (iB)[1000908, 0]
 2004[05] (iB)[1000909, 0]
 2004[05] (iB)[1000910, 0]
 2004[05] (iB)[1000911, 0]
 2004[05] (iB)[1000912, 0]
 2004[05] (iB)[1000913, 0]
    3[00] (bBBi)[0, 1, 0, 11000050]
 1003[02] (BBBi)[0, 1, 0, 735]
 2003[02] (iB)[5000, 1]
 2004[05] (iB)[1000900, 1]
 2004[05] (iB)[1000901, 1]
 2004[05] (iB)[1000902, 1]
 2004[05] (iB)[1000903, 1]
 2004[05] (iB)[1000904, 1]
 2004[05] (iB)[1000905, 1]
 2004[05] (iB)[1000906, 1]
 2004[05] (iB)[1000907, 1]
 2004[05] (iB)[1000908, 1]
 2004[05] (iB)[1000909, 1]
 2004[05] (iB)[1000910, 1]
 2004[05] (iB)[1000911, 1]
 2004[05] (iB)[1000912, 1]
 2004[05] (iB)[1000913, 1]

11005081, 1
    3[00] (bBBi)[-1, 1, 0, 11005085]
    3[00] (bBBi)[-1, 1, 0, 735]
    0[00] (bBb)[0, 1, -1]
 1003[01] (BBBi)[1, 0, 0, 735]
 2003[02] (iB)[735, 0]
 2003[02] (iB)[11000050, 0]
 2003[02] (iB)[11005085, 0]
 2003[02] (iB)[5001, 1]
 2004[04] (iB)[1000900, 0]
 2004[04] (iB)[1000901, 0]
 2004[04] (iB)[1000902, 0]
 2004[04] (iB)[1000903, 0]
 2004[04] (iB)[1000904, 0]
 2004[04] (iB)[1000905, 0]
 2004[04] (iB)[1000906, 0]
 2004[04] (iB)[1000907, 0]
 2004[04] (iB)[1000908, 0]
 2004[04] (iB)[1000909, 0]
 2004[04] (iB)[1000910, 0]
 2004[04] (iB)[1000911, 0]
 2004[04] (iB)[1000912, 0]
 2004[04] (iB)[1000913, 0]

11005082, 1
 1003[06] (Bb)[0, 1]
    3[11] (bBBB)[1, 1, 2, 50]
    3[08] (bBBB)[1, 1, 10, 0]
    0[00] (bBb)[-1, 1, 1]
    3[00] (bBBi)[-1, 1, 0, 11000050]
    0[00] (bBb)[0, 1, -1]
 1001[01] (i)[1]
    3[11] (bBBB)[2, 1, 2, 50]
    3[08] (bBBB)[2, 1, 10, 0]
    0[00] (bBb)[-2, 1, 2]
    3[00] (bBBi)[-2, 1, 0, 11000050]
 1000[02] (BBb)[1, 0, -2]
 1001[01] (i)[1]
    3[11] (bBBB)[3, 1, 2, 50]
    3[08] (bBBB)[3, 1, 10, 0]
    0[00] (bBb)[-3, 1, 3]
    3[00] (bBBi)[-3, 1, 0, 11000050]
 1000[02] (BBb)[1, 0, -3]
 1001[01] (i)[1]
    3[11] (bBBB)[4, 1, 2, 50]
    3[08] (bBBB)[4, 1, 10, 0]
    0[00] (bBb)[-4, 1, 4]
    3[00] (bBBi)[-4, 1, 0, 11000050]
 1000[02] (BBb)[1, 0, -4]
 1001[01] (i)[1]
    3[11] (bBBB)[5, 1, 2, 50]
    3[08] (bBBB)[5, 1, 10, 0]
    0[00] (bBb)[-5, 1, 5]
    3[00] (bBBi)[-5, 1, 0, 11000050]
 1000[02] (BBb)[1, 0, -5]
 1001[01] (i)[1]
    3[11] (bBBB)[6, 1, 2, 50]
    3[08] (bBBB)[6, 1, 10, 0]
    0[00] (bBb)[-6, 1, 6]
    3[00] (bBBi)[-6, 1, 0, 11000050]
 1000[02] (BBb)[1, 0, -6]
 2003[02] (iB)[11000050, 1]
 1001[00] (f)[600.0]
    3[11] (bBBB)[7, 1, 5, 50]
    3[08] (bBBB)[7, 1, 10, 0]
 1000[02] (BBb)[1, 0, 7]
 2003[02] (iB)[11000050, 0]
 2003[02] (iB)[11005085, 1]

11005390, 0
    3[00] (bBBi)[1, 0, 0, 2]
    3[19] (biifhfiBii)[1, 1, 1002998, 0.0, -1, 0.0, 10010403, 48, 0, 1001990]
    0[00] (bBb)[0, 1, 1]
 2004[14] (ii)[10000, 1002997]
 2003[18] (iiBBB)[10000, 7410, 0, 0, 0]
 1000[04] (B)[1]

11005391, 0
 2000[02] (B)[0]
    3[00] (bBBi)[1, 0, 0, 2]
    3[00] (bBBi)[1, 1, 0, 11005393]
    4[03] (bib)[1, 10000, 1]
    3[18] (biifhfiBii)[1, 1, 1002998, 0.0, -1, 0.0, 10010403, 255, 0, 1001990]
    0[00] (bBb)[0, 1, 1]
 2004[14] (ii)[10000, 1002997]
 2003[18] (iiBBB)[10000, 7410, 0, 0, 0]
 1000[04] (B)[1]

11005393, 0
 1003[01] (BBBi)[3, 1, 1, 0]
    3[00] (bBBi)[1, 0, 0, 2]
    3[02] (bBii)[1, 1, 10000, 1002999]
    0[00] (bBb)[0, 1, 1]
 1003[05] (Bb)[1, 1]
 2009[06] (B)[0]
 2009[04] (i)[1000800]

11005392, 1
 1003[01] (BBBi)[5, 0, 0, 2]
 2004[05] (iB)[1000800, 0]
 2004[05] (iB)[1000801, 0]
 2004[04] (iB)[1000800, 0]
 2004[04] (iB)[1000801, 0]
 1000[04] (B)[0]
 1003[01] (BBBi)[1, 1, 0, 11000000]
 2004[05] (iB)[1000800, 0]
 2004[01] (iB)[1000800, 0]
    3[00] (bBBi)[1, 1, 0, 11005393]
    3[06] (bb)[1, 0]
    3[02] (bBii)[1, 1, 10000, 1002999]
    0[00] (bBb)[0, 1, 1]
 1003[01] (BBBi)[7, 1, 0, 11000000]
 1003[05] (Bb)[2, 2]
 2002[03] (iIi)[100000, 0, 10000]
 1000[03] (B)[1]
 2002[03] (iIi)[100000, 2, 10000]
 1001[01] (i)[1]
 2004[05] (iB)[1000800, 1]
 2003[02] (iB)[11000000, 1]
 2004[01] (iB)[1000800, 1]
 2003[11] (bihh)[1, 1000800, 0, 5260]

11000001, 0
    4[00] (biB)[0, 1000800, 1]
 2003[02] (iB)[2, 1]
 2004[04] (iB)[1000801, 0]
 2003[12] (i)[1000800]
 2005[03] (iB)[1001990, 0]
 2006[01] (iB)[1001991, 1]

11005394, 0
 2000[02] (B)[0]
    3[00] (bBBi)[1, 0, 0, 2]
    3[00] (bBBi)[1, 1, 0, 11005392]
    3[02] (bBii)[1, 1, 10000, 1002999]
    0[00] (bBb)[0, 1, 1]
 2010[03] (iB)[1003800, 1]

11005395, 0
 2000[02] (B)[0]
    3[00] (bBBi)[1, 1, 0, 2]
    3[00] (bBBi)[1, 1, 0, 11005394]
    0[00] (bBb)[0, 1, 1]
 2010[03] (iB)[1003800, 0]

11005396, 1
 2004[05] (iB)[1000801, 0]
 1003[02] (BBBi)[0, 1, 1, 0]
    3[00] (bBBi)[0, 1, 0, 11005390]
 2004[22] (ihhiffBB)[1000800, 5260, 1, 300, 1.0, 1.0, 0, 0]
    4[06] (biiib)[0, 1000800, 5260, 0, 5]
 2004[06] (iiB)[1000800, 1001, 0]
    4[08] (biiB)[0, 1000800, 400, 1]
 2004[05] (iB)[1000801, 1]
 2004[42] (iBiii)[1000801, 2, 1000800, 100, 1000800]
 2003[18] (iiBBB)[1000801, 8100, 0, 0, 0]
 2004[26] (iBB)[1000800, 0, 0]
 2004[27] (iBB)[1000800, 1, 1]
 2004[17] (iiB)[1000800, 20, 0]
    4[03] (bib)[-7, 10000, 0]
    4[03] (bib)[-7, 10000, 8]
 1000[02] (BBb)[0, 0, -7]
 2003[36] (i)[52610000]

11005397, 1
    3[00] (bBBi)[1, 1, 0, 11005390]
    4[07] (biB)[1, 1000800, 1]
    0[00] (bBb)[0, 1, 1]
 2004[22] (ihhiffBB)[1000800, 5261, 2, 100, 0.0, 1.0, 0, 0]
 2004[24] (iiii)[1000800, 5261, 60, 60]

11005398, 1
    3[00] (bBBi)[0, 1, 0, 11005390]
 2004[22] (ihhiffBB)[1000800, 5262, 3, 1, 1.0, 1.0, 0, 0]
    4[06] (biiib)[0, 1000800, 5262, 0, 5]
 2004[17] (iiB)[1000800, 1, 0]
 2000[02] (B)[0]
 1001[00] (f)[1.0]
 2000[02] (B)[1]
 1003[01] (BBBi)[2, 1, 0, 11005396]
 2004[17] (iiB)[1000800, 0, 0]
 1000[03] (B)[1]
 2004[17] (iiB)[1000800, 20, 0]
 1000[04] (B)[1]

11005000, 0
 1003[01] (BBBi)[2, 0, 2, 0]
 2005[03] (iB)[0, 0]
    ^(0 <- 4, 4)
 1000[04] (B)[0]
    3[03] (bBiif)[0, 1, 10000, 0, 3.0]
    ^(8 <- 0, 4)
 2003[18] (iiBBB)[0, -1, 0, 1, 0]
    ^(0 <- 4, 4)
    ^(4 <- 8, 4)
 2005[03] (iB)[0, 0]
    ^(0 <- 4, 4)

11000100, 0
    3[00] (bBBi)[1, 0, 0, 11000100]
    3[05] (biifhfiBi)[1, 0, 1001319, 60.0, 101, 1.5, 10010400, 255, 0]
    0[00] (bBb)[0, 1, 1]
 2004[41] (iBii)[10000, 0, 1001319, 121]
 2003[18] (iiBBB)[10000, 7110, 0, 0, 0]
 2003[18] (iiBBB)[1001319, 0, 0, 0, 0]

11000101, 0
 2000[02] (B)[0]
    3[00] (bBBi)[1, 0, 0, 11000100]
    3[05] (biifhfiBi)[1, 0, 1001319, 60.0, 100, 1.5, 10010400, 255, 0]
    0[00] (bBb)[0, 1, 1]
 2007[01] (ihhif)[10010161, 0, 6, 1001319, 3.0]
 1000[04] (B)[1]

11000110, 0
 1003[01] (BBBi)[1, 1, 0, 590]
 1003[01] (BBBi)[2, 0, 1, 0]
 2005[07] (ii)[1001200, 1]
 1000[04] (B)[0]
    3[04] (bBiB)[1, 3, 2007, 1]
    3[05] (biifhfiBi)[1, 0, 1001200, 60.0, 100, 1.5, 10010400, 48, 0]
    0[00] (bBb)[0, 1, 1]
 2003[02] (iB)[11000111, 1]
 2004[41] (iBii)[10000, 0, 1001200, 120]
 2003[18] (iiBBB)[10000, 7120, 0, 0, 0]
 2003[18] (iiBBB)[1001200, 1, 0, 0, 0]
 1003[06] (Bb)[0, 1]
 2007[01] (ihhif)[10010866, 1, 6, 1001200, 3.0]
 2003[02] (iB)[590, 1]

11000111, 0
 2000[02] (B)[0]
    3[00] (bBBi)[-1, 1, 0, 11000110]
    3[04] (bBiB)[1, 3, 2007, 0]
    3[05] (biifhfiBi)[1, 0, 1001200, 60.0, 100, 1.5, 10010400, 48, 0]
    3[06] (bb)[2, 1]
    3[05] (biifhfiBi)[2, 0, 1001200, 60.0, 100, 1.5, 10010400, 255, 0]
    0[00] (bBb)[-1, 1, 1]
    0[00] (bBb)[-1, 1, 2]
    0[00] (bBb)[0, 1, -1]
 1003[02] (BBBi)[0, 1, 0, 11000110]
 2007[01] (ihhif)[10010163, 1, 6, 1001200, 3.0]
 1000[04] (B)[1]

11000120, 0
 1003[02] (BBBi)[0, 1, 2, 0]
    5[02] (bi)[0, 0]
    ^(4 <- 0, 4)
 1003[06] (Bb)[0, 1]
    3[04] (bBiB)[1, 3, 0, 1]
    ^(4 <- 16, 4)
 1000[01] (BBb)[2, 1, 1]
 2007[01] (ihhif)[0, 0, 6, -1, 3.0]
    ^(8 <- 8, 4)
    ^(0 <- 12, 4)
 1000[03] (B)[1]
 2007[01] (ihhif)[0, 0, 6, -1, 3.0]
    ^(0 <- 4, 4)
    ^(8 <- 8, 4)

11000200, 1
 1003[02] (BBBi)[0, 1, 1, 0]
 2004[01] (iB)[1000200, 0]
    3[00] (bBBi)[1, 0, 0, 11000200]
    3[03] (bBiif)[1, 1, 1000200, 10000, 9.0]
    0[00] (bBb)[0, 1, 1]
 2003[18] (iiBBB)[1000200, 500, 0, 1, 0]
 2003[18] (iiBBB)[1000200, 500, 0, 1, 0]
 2003[18] (iiBBB)[1000200, 500, 0, 1, 0]
 2003[18] (iiBBB)[1000200, 500, 0, 1, 0]
 2003[18] (iiBBB)[1000200, 500, 0, 1, 0]
 2003[18] (iiBBB)[1000200, 500, 0, 1, 0]
 2003[18] (iiBBB)[1000200, 500, 0, 1, 0]
 2004[01] (iB)[1000200, 1]

11000800, 1
 1003[01] (BBBi)[2, 0, 1, 0]
 2004[05] (iB)[1000500, 0]
 1000[04] (B)[0]
    4[00] (biB)[0, 1000500, 1]
 2003[02] (iB)[11000800, 1]

11005050, 1
    3[03] (bBiif)[-1, 1, 10000, 1000099, 7.0]
    4[01] (bii)[-1, 1000099, 10000]
    5[00] (bBi)[-1, 1, 1001400]
    4[09] (biB)[-1, 1000110, 3]
    0[00] (bBb)[0, 1, -1]
 2004[09] (iiiiii)[1000099, -1, -1, 9060, -1, -1]

11005060, 0
 1003[02] (BBBi)[0, 1, 1, 0]
 2006[04] (iii)[1001400, 10, 100013]
    5[00] (bBi)[0, 1, 1001400]
 2006[05] (ii)[1001400, 1]

11005070, 1
    4[00] (biB)[7, 1000090, 1]
 1000[01] (BBb)[2, 0, 7]
 2004[05] (iB)[1000090, 0]
 1000[04] (B)[0]
 1003[02] (BBBi)[0, 1, 1, 0]
 2004[01] (iB)[1000090, 0]
    3[02] (bBii)[1, 1, 10000, 1002200]
    4[01] (bii)[2, 1000090, 10000]
    0[00] (bBb)[-1, 1, 1]
    0[00] (bBb)[-1, 1, 2]
    0[00] (bBb)[0, 1, -1]
 1000[07] (BBb)[1, 0, 1]
 2003[18] (iiBBB)[1000090, 500, 0, 0, 0]
 2004[01] (iB)[1000090, 1]

11005100, 1
 1003[01] (BBBi)[6, 1, 2, 0]
 2004[10] (iB)[0, 0]
    ^(0 <- 4, 4)
 2004[31] (iB)[0, 1]
    ^(0 <- 4, 4)
    3[02] (bBii)[-1, 1, 10000, 0]
    ^(8 <- 0, 4)
    4[01] (bii)[-1, 0, 10000]
    ^(4 <- 4, 4)
    0[00] (bBb)[0, 1, -1]
 1001[00] (f)[0.0]
    ^(0 <- 8, 4)
 2004[10] (iB)[0, 1]
    ^(0 <- 4, 4)
 2004[31] (iB)[0, 0]
    ^(0 <- 4, 4)
 2004[09] (iiiiii)[0, -1, -1, -1, -1, -1]
    ^(0 <- 4, 4)

11005200, 1
 1003[02] (BBBi)[0, 1, 2, 0]
 2004[01] (iB)[0, 0]
    ^(0 <- 0, 4)
    3[02] (bBii)[-1, 1, 10000, 0]
    ^(8 <- 4, 4)
    4[01] (bii)[-1, 0, 10000]
    ^(4 <- 0, 4)
    0[00] (bBb)[0, 1, -1]
 2004[01] (iB)[0, 1]
    ^(0 <- 0, 4)

11005150, 1
 1003[01] (BBBi)[2, 0, 2, 0]
 2005[08] (ib)[0, 1]
    ^(0 <- 4, 4)
 1000[04] (B)[0]
 2005[02] (i)[0]
    ^(0 <- 4, 4)
 2004[05] (iB)[0, 0]
    ^(0 <- 0, 4)
    3[03] (bBiif)[1, 1, 10000, 0, 3.0]
    ^(8 <- 0, 4)
    5[00] (bBi)[2, 1, 0]
    ^(4 <- 4, 4)
    0[00] (bBb)[-1, 1, 1]
    0[00] (bBb)[-1, 1, 2]
    0[00] (bBb)[0, 1, -1]
 1000[07] (BBb)[5, 0, 1]
 2005[01] (ib)[0, 1]
    ^(0 <- 4, 4)
 2010[02] (iii)[0, 3, 132200000]
    ^(0 <- 4, 4)
 2004[05] (iB)[0, 1]
    ^(0 <- 0, 4)
 2003[18] (iiBBB)[0, 3002, 0, 0, 0]
    ^(0 <- 0, 4)
 1000[04] (B)[0]
 2004[05] (iB)[0, 1]
    ^(0 <- 0, 4)

11000850, 1
 1003[01] (BBBi)[3, 0, 2, 0]
 2004[05] (iB)[0, 0]
    ^(0 <- 0, 4)
 2004[04] (iB)[0, 0]
    ^(0 <- 0, 4)
 1000[04] (B)[0]
    4[00] (biB)[0, 0, 1]
    ^(4 <- 0, 4)
 1000[04] (B)[0]

11000600, 0
 1003[01] (BBBi)[4, 0, 2, 0]
 2005[07] (ii)[0, 0]
    ^(0 <- 0, 4)
 2005[06] (iiB)[0, -1, 0]
    ^(0 <- 0, 4)
 2005[04] (iB)[0, 1]
    ^(0 <- 0, 4)
 1000[04] (B)[0]
 2005[04] (iB)[0, 0]
    ^(0 <- 0, 4)
    5[02] (bi)[0, 0]
    ^(4 <- 4, 4)
 1001[01] (i)[10]
 2005[04] (iB)[0, 1]
    ^(0 <- 0, 4)

11000510, 0
    4[02] (bibf)[1, 0, 5, 0.8999999761581421]
    ^(4 <- 0, 4)
    4[02] (bibf)[1, 0, 2, 0.0]
    ^(4 <- 0, 4)
    4[01] (bii)[1, 0, 10000]
    ^(4 <- 0, 4)
    3[00] (bBBi)[2, 1, 0, 0]
    ^(4 <- 4, 4)
    3[00] (bBBi)[2, 1, 2, 0]
    3[00] (bBBi)[3, 1, 0, 0]
    ^(4 <- 4, 4)
    3[00] (bBBi)[3, 0, 2, 0]
    0[00] (bBb)[-1, 1, 1]
    0[00] (bBb)[-1, 1, 2]
    0[00] (bBb)[-1, 1, 3]
    0[00] (bBb)[0, 1, -1]
 1000[07] (BBb)[2, 0, 3]
 2004[05] (iB)[0, 0]
    ^(0 <- 0, 4)
    3[00] (bBBi)[0, 1, 0, 703]
 2003[02] (iB)[0, 1]
    ^(0 <- 4, 4)
 2004[44] (iB)[0, 9]
    ^(0 <- 0, 4)
 2000[05] (B)[0]

11000520, 0
 1003[01] (BBBi)[2, 0, 2, 0]
 2004[37] (i)[0]
    ^(0 <- 0, 4)
 1000[04] (B)[0]
    4[02] (bibf)[0, 0, 5, 0.0]
    ^(4 <- 0, 4)
 2003[22] (iiB)[0, 0, 0]
    ^(0 <- 4, 4)
    ^(4 <- 8, 4)
 2003[02] (iB)[0, 1]
    ^(0 <- 12, 4)

11000530, 0
 1003[01] (BBBi)[9, 1, 0, 11000580]
    3[00] (bBBi)[1, 0, 0, 1253]
    3[00] (bBBi)[1, 1, 0, 1250]
    4[02] (bibf)[1, 0, 2, 0.0]
    ^(4 <- 0, 4)
    5[00] (bBi)[-1, 1, 1001250]
    4[01] (bii)[-1, 0, 10000]
    ^(4 <- 0, 4)
    0[00] (bBb)[1, 1, -1]
    0[00] (bBb)[0, 1, 1]
 2003[22] (iiB)[0, 0, 0]
    ^(0 <- 4, 4)
    ^(4 <- 8, 4)
 2003[02] (iB)[0, 1]
    ^(0 <- 12, 4)
 1005[01] (BBi)[1, 1, 1001250]
 2005[01] (ib)[1001250, 1]
 2004[10] (iB)[0, 1]
    ^(0 <- 0, 4)
 2004[31] (iB)[0, 0]
    ^(0 <- 0, 4)
 2004[09] (iiiiii)[0, -1, -1, 7821, -1, -1]
    ^(0 <- 0, 4)
 2003[02] (iB)[11000580, 1]

11000531, 0
    3[00] (bBBi)[1, 0, 0, 1253]
    3[00] (bBBi)[1, 1, 0, 1252]
    0[00] (bBb)[0, 1, 1]
 2004[05] (iB)[0, 0]
    ^(0 <- 0, 4)

11000532, 0
    3[00] (bBBi)[1, 0, 0, 1434]
    3[00] (bBBi)[1, 0, 0, 1435]
    3[00] (bBBi)[1, 1, 0, 1430]
    3[00] (bBBi)[1, 1, 0, 11010700]
    3[00] (bBBi)[1, 1, 0, 11400200]
    0[00] (bBb)[0, 1, 1]
 2003[22] (iiB)[0, 0, 0]
    ^(0 <- 4, 4)
    ^(4 <- 8, 4)
 2003[02] (iB)[0, 1]
    ^(0 <- 12, 4)
 2004[05] (iB)[0, 0]
    ^(0 <- 0, 4)

11000533, 0
 1003[01] (BBBi)[2, 0, 2, 0]
 2004[37] (i)[0]
    ^(0 <- 0, 4)
 1000[04] (B)[0]
    4[02] (bibf)[0, 0, 5, 0.0]
    ^(4 <- 0, 4)
 2003[02] (iB)[1434, 0]
 2003[02] (iB)[0, 1]
    ^(0 <- 4, 4)

11000534, 0
    3[00] (bBBi)[1, 1, 0, 1250]
    3[00] (bBBi)[1, 0, 0, 1253]
    0[00] (bBb)[0, 1, 1]
 2004[15] (iB)[0, 1]
    ^(0 <- 0, 4)
    5[00] (bBi)[0, 1, 1001250]
 2000[02] (B)[0]
 1001[00] (f)[2.0]
 2004[15] (iB)[0, 0]
    ^(0 <- 0, 4)

11005030, 0
 1003[05] (Bb)[1, 1]
 2004[28] (ii)[6541, 4095]
 1003[01] (BBBi)[3, 1, 0, 11005037]
    3[06] (bb)[2, 1]
    3[00] (bBBi)[2, 1, 0, 11005032]
 1000[01] (BBb)[1, 1, 2]
 2004[05] (iB)[6541, 0]
 1003[02] (BBBi)[0, 1, 0, 2]
    3[06] (bb)[1, 0]
    4[03] (bib)[1, 10000, 0]
    3[00] (bBBi)[-1, 1, 0, 1004]
    3[00] (bBBi)[-1, 1, 0, 1005]
    3[00] (bBBi)[-1, 1, 0, 1006]
    3[00] (bBBi)[-1, 1, 0, 1010]
    3[00] (bBBi)[-1, 1, 0, 1011]
    0[00] (bBb)[1, 0, -1]
    4[07] (biB)[1, 6541, 1]
    0[00] (bBb)[0, 1, 1]
 2003[25] (iiiii)[0, 6541, 1002000, 11005032, 11005037]

11005031, 0
 1003[02] (BBBi)[0, 1, 1, 0]
    3[00] (bBBi)[1, 1, 0, 11005032]
    3[00] (bBBi)[1, 1, 0, 11005393]
    0[00] (bBb)[0, 1, 1]
 2004[17] (iiB)[6541, 10, 0]
 2004[20] (i)[6541]
    3[02] (bBii)[0, 1, 6541, 1002998]
 2004[14] (ii)[6541, 1002997]
 2003[18] (iiBBB)[6541, 7410, 0, 0, 0]
 2004[17] (iiB)[6541, -1, 0]
 2004[20] (i)[6541]

11005033, 0
 1003[05] (Bb)[1, 1]
 2004[28] (ii)[6591, 4095]
 1003[01] (BBBi)[3, 1, 0, 11005038]
    3[06] (bb)[2, 1]
    3[00] (bBBi)[2, 1, 0, 11005035]
 1000[01] (BBb)[1, 1, 2]
 2004[05] (iB)[6591, 0]
 1003[02] (BBBi)[0, 1, 0, 2]
    3[06] (bb)[1, 0]
    4[03] (bib)[1, 10000, 0]
    3[00] (bBBi)[1, 1, 0, 11020607]
    3[00] (bBBi)[-1, 1, 0, 1572]
    3[00] (bBBi)[-1, 1, 0, 1573]
    0[00] (bBb)[1, 1, -1]
    3[00] (bBBi)[1, 0, 0, 1574]
    4[07] (biB)[1, 6591, 1]
    0[00] (bBb)[0, 1, 1]
 2003[25] (iiiii)[0, 6591, 1002002, 11005035, 11005038]
    3[00] (bBBi)[0, 1, 0, 11005035]
 2004[08] (ii)[6591, 5450]

11005034, 0
 1003[02] (BBBi)[0, 1, 1, 0]
    3[00] (bBBi)[1, 1, 0, 11005035]
    3[00] (bBBi)[1, 1, 0, 11005393]
    0[00] (bBb)[0, 1, 1]
 2004[17] (iiB)[6591, 10, 0]
 2004[20] (i)[6591]
    3[02] (bBii)[0, 1, 6591, 1002998]
 2004[14] (ii)[6591, 1002997]
 2003[18] (iiBBB)[6591, 7410, 0, 0, 0]
 2004[17] (iiB)[6591, -1, 0]
 2004[20] (i)[6591]

11005039, 0
 2000[02] (B)[0]
 1003[06] (Bb)[0, 1]
 1003[02] (BBBi)[0, 1, 0, 11005040]
 1003[02] (BBBi)[0, 1, 0, 2]
    3[06] (bb)[1, 0]
    4[03] (bib)[1, 10000, 0]
    3[00] (bBBi)[1, 0, 0, 11000810]
 1003[01] (BBBi)[1, 1, 1, 0]
    3[02] (bBii)[1, 1, 10000, 1002005]
    0[00] (bBb)[0, 1, 1]
 2003[25] (iiiii)[1, 6562, 1002001, 11005040, 11005041]
 1001[00] (f)[20.0]
 1000[04] (B)[1]

11000810, 0
 1003[05] (Bb)[3, 0]
    3[00] (bBBi)[1, 1, 0, 11005040]
    3[00] (bBBi)[1, 0, 0, 11005041]
 1000[01] (BBb)[1, 1, 1]
 2004[05] (iB)[6562, 0]
 1003[02] (BBBi)[0, 1, 1, 0]
    4[00] (biB)[0, 6562, 1]
 2003[02] (iB)[11000810, 1]