0, 0
 2009[03] (iiffi)[11100992, 1101960, 2.0, 180.0, 0]
 2009[00] (iii)[11100010, 11100011, 1101140]
 2009[00] (iii)[11100014, 11100015, 1101142]
 2009[00] (iii)[11100016, 11100017, 1101143]
 1003[05] (Bb)[1, 1]
 2003[02] (iB)[11100410, 0]
 1003[01] (BBBi)[2, 1, 0, 11100810]
 2005[04] (iB)[1101610, 0]
 2005[03] (iB)[1101610, 0]
 1003[01] (BBBi)[1, 0, 0, 11100810]
 2005[04] (iB)[1101610, 1]
 2000[00] (iII|III)[1, 11100090, 1101702, 1101703, 1102602, 1102603]
 2000[00] (iII)[0, 11105070, 0]
 2000[00] (iII)[0, 11105071, 0]
 2000[00] (iII)[0, 11105072, 0]
 2000[00] (iII)[0, 11105399, 0]
 2000[00] (iII)[0, 11100030, 0]
 2000[00] (iII)[0, 11100031, 0]
 2000[00] (iII)[0, 11100136, 0]
 2000[00] (iII)[0, 11100135, 0]
 2000[00] (iII|II)[0, 11100120, 11100120, 10010868, 1101250]
 2000[00] (iII)[0, 11100710, 0]
 2000[00] (iII)[0, 11100200, 0]
 2000[00] (iII|I)[0, 11100600, 1101650, 11100650]
 2000[00] (iII)[0, 11105150, 1100100]
 2000[00] (iII)[1, 11105150, 1100101]
 2000[00] (iII)[2, 11105150, 1100102]
 2000[00] (iII|I)[0, 11105160, 1100104, 1102006]
 2000[00] (iII|I)[1, 11105160, 1100105, 1102001]
 2000[00] (iII|II)[0, 11105170, 1100130, 1102202, 1045220557]
 2000[00] (iII|II)[1, 11105170, 1100132, 1102202, 0]
 2000[00] (iII|II)[2, 11105170, 1100135, 1102202, 1053609165]
 2000[00] (iII|II)[3, 11105170, 1100136, 1102202, 1058642330]
 2000[00] (iII|II)[4, 11105170, 1100137, 1102007, 1050253722]
 2000[00] (iII|II)[5, 11105170, 1100138, 1102007, 0]
 2000[00] (iII)[0, 11106299, 0]
 2000[00] (iII|III)[0, 11106200, 1101011, 1101011, 12, 4294967295]
 2000[00] (iII|III)[1, 11106200, 1101012, 1101012, 13, 11006200]
 2000[00] (iII|III)[2, 11106200, 1101013, 1101011, 12, 11006200]
 2000[00] (iII|III)[3, 11106200, 1101014, 1101014, 13, 11006200]
 2000[00] (iII|III)[4, 11106200, 1101015, 1101016, 12, 11006205]
 2000[00] (iII|III)[5, 11106200, 1101016, 1101016, 13, 4294967295]
 2000[00] (iII|III)[6, 11106200, 1101017, 1101016, 12, 11006205]
 2000[00] (iII|III)[7, 11106200, 1101018, 1101018, 13, 4294967295]
 2000[00] (iII|III)[8, 11106200, 1101019, 1101019, 13, 4294967295]
 2000[00] (iII|III)[9, 11106200, 1101020, 1101020, 12, 4294967295]
 2000[00] (iII|III)[13, 11106200, 1101024, 1101024, 13, 4294967295]
 2000[00] (iII|III)[14, 11106200, 1101025, 1101025, 12, 4294967295]
 2000[00] (iII|III)[18, 11106200, 1101029, 1101029, 12, 4294967295]
 2000[00] (iII|III)[19, 11106200, 1101030, 1101030, 13, 4294967295]
 2000[00] (iII|III)[24, 11106200, 1101035, 1101035, 12, 4294967295]
 2000[00] (iII|III)[27, 11106200, 1101038, 1101038, 12, 4294967295]
 2000[00] (iII|III)[28, 11106200, 1101039, 1101039, 13, 4294967295]
 2000[00] (iII|III)[29, 11106200, 1101040, 1101040, 12, 4294967295]
 2000[00] (iII|III)[30, 11106200, 1101041, 1101041, 12, 4294967295]
 2000[00] (iII|III)[31, 11106200, 1101042, 1101042, 13, 4294967295]
 2000[00] (iII|III)[32, 11106200, 1101043, 1101043, 12, 4294967295]
 2000[00] (iII|III)[33, 11106200, 1101044, 1101044, 12, 4294967295]
 2000[00] (iII|III)[0, 11100070, 1101120, 1101600, 120, 121]
 2000[00] (iII|III)[1, 11100070, 1101121, 1101601, 125, 126]
 1003[01] (BBBi)[1, 0, 0, 11100400]
 2004[05] (iB)[1100170, 0]
 2000[00] (iII)[0, 11105370, 0]
 2000[00] (iII|I)[0, 11100100, 1101180, 1103000]
 2000[00] (iII|I)[1, 11100100, 1101181, 1103001]
 2000[00] (iII)[0, 11100400, 0]
 2000[00] (iII)[0, 11105371, 0]
 2010[03] (iB)[1103800, 0]
 2005[03] (iB)[1101992, 0]
 2006[01] (iB)[1101993, 0]
 1003[01] (BBBi)[4, 0, 0, 4]
 2000[00] (iII)[0, 11105392, 0]
 2005[03] (iB)[1101990, 0]
 2006[01] (iB)[1101991, 0]
 1000[03] (B)[10]
 2000[00] (iII)[0, 11105390, 0]
 2000[00] (iII)[0, 11105391, 0]
 2000[00] (iII)[0, 11105393, 0]
 2000[00] (iII)[0, 11105392, 0]
 2000[00] (iII)[0, 11100000, 0]
 2000[00] (iII)[0, 11105394, 0]
 2000[00] (iII)[0, 11105395, 0]
 2000[00] (iII)[0, 11105396, 0]
 2000[00] (iII)[0, 11105397, 0]
 2000[00] (iII)[0, 11105398, 0]

50, 0
 2000[00] (iII)[0, 11100420, 0]
 2004[45] (ii)[6570, 8964]
 2000[00] (iII)[0, 11105030, 0]
 2000[00] (iII)[0, 11100810, 0]
 2000[00] (iII)[0, 11105010, 0]
 1003[01] (BBBi)[1, 1, 0, 1691]
 2004[02] (iB)[1100160, 8]
 2000[00] (iII|III)[0, 11100530, 1100160, 1690, 1693, 1691]
 2000[00] (iII|III)[0, 11100531, 1100160, 1690, 1693, 1692]
 2004[45] (ii)[6312, 8470]
 2004[45] (ii)[6422, 8900]
 2004[05] (iB)[6312, 0]
 2004[05] (iB)[6422, 0]
 2000[00] (iII)[0, 11100040, 0]
 2000[00] (iII|IIIII)[0, 11100532, 6312, 1600, 1619, 1606, 1607, 6422]
 2000[00] (iII|III)[0, 11100533, 6312, 1600, 1619, 1608]
 2000[00] (iII|III)[0, 11100534, 6312, 1600, 1619, 1609]
 2000[00] (iII|IIII)[0, 11100535, 6312, 1600, 1619, 1608, 1609]
 2000[00] (iII)[0, 11100300, 0]

11100090, 0
 1003[01] (BBBi)[3, 0, 2, 0]
 2005[03] (iB)[0, 0]
    ^(0 <- 0, 4)
 2006[01] (iB)[0, 0]
    ^(0 <- 4, 4)
 1000[04] (B)[0]
    3[18] (biifhfiBii)[1, 1, 0, 0.0, 0, 0.0, 10010403, 48, 0, 0]
    ^(36 <- 0, 4)
    ^(8 <- 8, 4)
    3[18] (biifhfiBii)[2, 1, 0, 0.0, 0, 0.0, 10010407, 48, 0, 0]
    ^(36 <- 0, 4)
    ^(8 <- 12, 4)
    0[00] (bBb)[-1, 1, 1]
    0[00] (bBb)[-1, 1, 2]
    0[00] (bBb)[0, 1, -1]
 1000[07] (BBb)[2, 1, 2]
 2004[41] (iBii)[10000, 1, 0, -1]
    ^(8 <- 8, 4)
 1000[03] (B)[1]
 2004[41] (iBii)[10000, 1, 0, -1]
    ^(8 <- 12, 4)
 2003[18] (iiBBB)[10000, 7410, 0, 0, 0]
 2005[03] (iB)[0, 0]
    ^(0 <- 0, 4)
 2006[01] (iB)[0, 1]
    ^(0 <- 4, 4)

11105070, 1
 1003[02] (BBBi)[0, 1, 1, 0]
 2004[05] (iB)[1100900, 0]
 2004[05] (iB)[1100901, 0]
 2004[05] (iB)[1100902, 0]
 2004[05] (iB)[1100903, 0]
 2004[05] (iB)[1100904, 0]
 2004[05] (iB)[1100905, 0]
 2004[05] (iB)[1100906, 0]
 2004[05] (iB)[1100907, 0]
 2004[05] (iB)[1100908, 0]
 2004[05] (iB)[1100909, 0]
 2004[05] (iB)[1100910, 0]
 2004[05] (iB)[1100911, 0]
    3[00] (bBBi)[0, 1, 0, 11100050]
 1003[02] (BBBi)[0, 1, 0, 735]
 2003[02] (iB)[5000, 1]
 2004[05] (iB)[1100900, 1]
 2004[05] (iB)[1100901, 1]
 2004[05] (iB)[1100902, 1]
 2004[05] (iB)[1100903, 1]
 2004[05] (iB)[1100904, 1]
 2004[05] (iB)[1100905, 1]
 2004[05] (iB)[1100906, 1]
 2004[05] (iB)[1100907, 1]
 2004[05] (iB)[1100908, 1]
 2004[05] (iB)[1100909, 1]
 2004[05] (iB)[1100910, 1]
 2004[05] (iB)[1100911, 1]

11105071, 1
    3[00] (bBBi)[-1, 1, 0, 11105075]
    3[00] (bBBi)[-1, 1, 0, 735]
    0[00] (bBb)[0, 1, -1]
 1003[01] (BBBi)[1, 0, 0, 735]
 2003[02] (iB)[735, 0]
 2003[02] (iB)[11100050, 0]
 2003[02] (iB)[11105075, 0]
 2003[02] (iB)[5001, 1]
 2004[04] (iB)[1100900, 0]
 2004[04] (iB)[1100901, 0]
 2004[04] (iB)[1100902, 0]
 2004[04] (iB)[1100903, 0]
 2004[04] (iB)[1100904, 0]
 2004[04] (iB)[1100905, 0]
 2004[04] (iB)[1100906, 0]
 2004[04] (iB)[1100907, 0]
 2004[04] (iB)[1100908, 0]
 2004[04] (iB)[1100909, 0]
 2004[04] (iB)[1100910, 0]
 2004[04] (iB)[1100911, 0]

11105072, 1
 1003[06] (Bb)[0, 1]
    3[11] (bBBB)[1, 1, 2, 50]
    3[08] (bBBB)[1, 1, 11, 0]
    0[00] (bBb)[-1, 1, 1]
    3[00] (bBBi)[-1, 1, 0, 11100050]
    0[00] (bBb)[0, 1, -1]
 1001[01] (i)[1]
    3[11] (bBBB)[2, 1, 2, 50]
    3[08] (bBBB)[2, 1, 11, 0]
    0[00] (bBb)[-2, 1, 2]
    3[00] (bBBi)[-2, 1, 0, 11100050]
 1000[02] (BBb)[1, 0, -2]
 1001[01] (i)[1]
    3[11] (bBBB)[3, 1, 2, 50]
    3[08] (bBBB)[3, 1, 11, 0]
    0[00] (bBb)[-3, 1, 3]
    3[00] (bBBi)[-3, 1, 0, 11100050]
 1000[02] (BBb)[1, 0, -3]
 1001[01] (i)[1]
    3[11] (bBBB)[4, 1, 2, 50]
    3[08] (bBBB)[4, 1, 11, 0]
    0[00] (bBb)[-4, 1, 4]
    3[00] (bBBi)[-4, 1, 0, 11100050]
 1000[02] (BBb)[1, 0, -4]
 1001[01] (i)[1]
    3[11] (bBBB)[5, 1, 2, 50]
    3[08] (bBBB)[5, 1, 11, 0]
    0[00] (bBb)[-5, 1, 5]
    3[00] (bBBi)[-5, 1, 0, 11100050]
 1000[02] (BBb)[1, 0, -5]
 1001[01] (i)[1]
    3[11] (bBBB)[6, 1, 2, 50]
    3[08] (bBBB)[6, 1, 11, 0]
    0[00] (bBb)[-6, 1, 6]
    3[00] (bBBi)[-6, 1, 0, 11100050]
 1000[02] (BBb)[1, 0, -6]
 2003[02] (iB)[11100050, 1]
 1001[00] (f)[600.0]
    3[11] (bBBB)[7, 1, 5, 50]
    3[08] (bBBB)[7, 1, 11, 0]
 1000[02] (BBb)[1, 0, 7]
 2003[02] (iB)[11100050, 0]
 2003[02] (iB)[11105075, 1]

11105390, 0
    3[00] (bBBi)[1, 0, 0, 4]
    3[19] (biifhfiBii)[1, 1, 1102998, 0.0, -1, 0.0, 10010403, 48, 0, 1101990]
    0[00] (bBb)[0, 1, 1]
 2004[14] (ii)[10000, 1102997]
 2003[18] (iiBBB)[10000, 7410, 0, 0, 0]
 1000[04] (B)[1]

11105391, 0
    3[00] (bBBi)[1, 0, 0, 4]
    3[00] (bBBi)[1, 1, 0, 11105393]
    4[03] (bib)[1, 10000, 1]
    3[18] (biifhfiBii)[1, 1, 1102998, 0.0, -1, 0.0, 10010403, 255, 0, 1101990]
    0[00] (bBb)[0, 1, 1]
 2004[14] (ii)[10000, 1102997]
 2003[18] (iiBBB)[10000, 7410, 0, 0, 0]
 1000[04] (B)[1]

11105393, 0
 1003[01] (BBBi)[3, 1, 1, 0]
    3[00] (bBBi)[1, 0, 0, 4]
    3[02] (bBii)[1, 1, 10000, 1102996]
    0[00] (bBb)[0, 1, 1]
 1003[05] (Bb)[1, 1]
 2009[06] (B)[0]
 2009[04] (i)[1100160]
 2003[02] (iB)[11105393, 1]
    3[00] (bBBi)[0, 1, 0, 4]
 1000[04] (B)[0]

11105392, 1
 1003[01] (BBBi)[7, 0, 0, 4]
 2004[05] (iB)[1100160, 0]
 2004[05] (iB)[1100161, 0]
 2004[04] (iB)[1100160, 0]
 2004[04] (iB)[1100161, 0]
 2004[29] (iB)[1100160, 1]
 2004[29] (iB)[1100161, 1]
 1000[04] (B)[0]
 1003[01] (BBBi)[1, 0, 0, 1691]
 2004[02] (iB)[1100160, 8]
 2004[01] (iB)[1100160, 0]
 2004[30] (iB)[1100160, 0]
    4[00] (biB)[1, 1100160, 0]
    3[00] (bBBi)[1, 1, 0, 11105393]
    4[01] (bii)[1, 1100160, 10000]
    3[00] (bBBi)[2, 1, 0, 11105393]
    3[02] (bBii)[2, 1, 10000, 1102100]
    3[00] (bBBi)[2, 1, 0, 1691]
    0[00] (bBb)[-1, 1, 1]
    0[00] (bBb)[-1, 1, 2]
    0[00] (bBb)[0, 1, -1]
 2004[01] (iB)[1100160, 1]
 2004[02] (iB)[1100160, 7]
 2003[11] (bihh)[1, 1100160, 0, 2730]
 2003[02] (iB)[11105392, 1]
    3[00] (bBBi)[0, 1, 0, 4]
 1000[04] (B)[0]

11100000, 0
 1003[02] (BBBi)[0, 1, 1, 0]
    4[00] (biB)[0, 1100160, 1]
 2003[02] (iB)[4, 1]
 2003[12] (i)[1100160]
 1003[05] (Bb)[1, 1]
 2003[28] (i)[40]
 2004[04] (iB)[1100161, 0]
 2004[29] (iB)[1100161, 1]
 2005[03] (iB)[1101990, 0]
 2006[01] (iB)[1101991, 1]

11105394, 0
 2000[02] (B)[0]
    3[00] (bBBi)[1, 0, 0, 4]
    3[00] (bBBi)[1, 1, 0, 11105390]
    3[02] (bBii)[1, 1, 10000, 1102996]
 1003[05] (Bb)[1, 0]
    3[00] (bBBi)[1, 1, 0, 11105391]
    0[00] (bBb)[0, 1, 1]
 2010[03] (iB)[1103800, 1]
 2003[02] (iB)[11105394, 1]
    3[00] (bBBi)[0, 1, 0, 4]
 1000[04] (B)[0]

11105395, 0
 2000[02] (B)[0]
    3[00] (bBBi)[1, 1, 0, 4]
    3[02] (bBii)[1, 1, 10000, 1102100]
    3[00] (bBBi)[2, 1, 0, 11105380]
    0[00] (bBb)[-1, 1, 1]
    0[00] (bBb)[-1, 1, 2]
    0[00] (bBb)[0, 1, -1]
 2010[03] (iB)[1103800, 0]
 2003[02] (iB)[11105395, 1]
    3[00] (bBBi)[0, 1, 0, 4]
 1000[04] (B)[0]

11105396, 1
 2004[05] (iB)[1100161, 0]
 1003[02] (BBBi)[0, 1, 0, 4]
 1003[01] (BBBi)[3, 0, 1, 0]
 2004[26] (iBB)[1100160, 0, 0]
 2004[27] (iBB)[1100160, 1, 1]
 1000[04] (B)[0]
    4[07] (biB)[0, 1100160, 1]
 2004[22] (ihhiffBB)[1100160, 2730, 1, 158, 1.0, 1.0, 0, 0]
    4[02] (bibf)[1, 1100160, 2, 0.0]
    4[06] (biiib)[1, 1100160, 2730, 0, 5]
    3[00] (bBBi)[1, 0, 0, 11105381]
    4[01] (bii)[1, 1100160, 10000]
    4[02] (bibf)[2, 1100160, 5, 0.0]
    0[00] (bBb)[-1, 1, 1]
    0[00] (bBb)[-1, 1, 2]
    0[00] (bBb)[0, 1, -1]
 1000[08] (BBb)[0, 1, 2]
 2004[43] (iB)[1100160, 0]
 2003[18] (iiBBB)[1100160, 8000, 0, 0, 0]
    4[08] (biiB)[0, 1100160, 400, 1]
 2004[05] (iB)[1100161, 1]
 2004[26] (iBB)[1100160, 0, 0]
 2004[27] (iBB)[1100160, 1, 1]
 2004[42] (iBiii)[1100161, 2, 1100160, 40, 1100160]
 2003[18] (iiBBB)[1100161, 8100, 0, 0, 0]
    4[03] (bib)[-7, 10000, 0]
    4[03] (bib)[-7, 10000, 8]
 1000[01] (BBb)[1, 0, -7]
 2003[36] (i)[27310000]
 2003[02] (iB)[11105396, 1]
    3[00] (bBBi)[0, 1, 0, 4]
 1000[04] (B)[0]

11105397, 1
    4[08] (biiB)[0, 1100160, 600, 1]
 2004[30] (iB)[1100160, 0]
 2003[11] (bihh)[0, 1100160, 0, 2730]
 2003[02] (iB)[11105381, 1]
 2003[22] (iiB)[11105110, 11105119, 0]
 1003[05] (Bb)[44, 1]
 2004[28] (ii)[1100160, 4095]
 2003[17] (IIB)[11105110, 11105119, 1]
 1003[01] (BBBi)[3, 0, 0, 11105110]
    3[02] (bBii)[1, 1, 1100160, 1102810]
 1000[01] (BBb)[2, 1, 1]
 2004[41] (iBii)[1100160, 1, 1102810, -1]
 1003[01] (BBBi)[3, 0, 0, 11105111]
    3[02] (bBii)[2, 1, 1100160, 1102811]
 1000[01] (BBb)[2, 1, 2]
 2004[41] (iBii)[1100160, 1, 1102811, -1]
 1003[01] (BBBi)[3, 0, 0, 11105112]
    3[02] (bBii)[3, 1, 1100160, 1102812]
 1000[01] (BBb)[2, 1, 3]
 2004[41] (iBii)[1100160, 1, 1102812, -1]
 1003[01] (BBBi)[3, 0, 0, 11105113]
    3[02] (bBii)[4, 1, 1100160, 1102813]
 1000[01] (BBb)[2, 1, 4]
 2004[41] (iBii)[1100160, 1, 1102813, -1]
 1003[01] (BBBi)[3, 0, 0, 11105114]
    3[02] (bBii)[5, 1, 1100160, 1102814]
 1000[01] (BBb)[2, 1, 5]
 2004[41] (iBii)[1100160, 1, 1102814, -1]
 1003[01] (BBBi)[3, 0, 0, 11105115]
    3[02] (bBii)[6, 1, 1100160, 1102815]
 1000[01] (BBb)[2, 1, 6]
 2004[41] (iBii)[1100160, 1, 1102815, -1]
 1003[01] (BBBi)[3, 0, 0, 11105116]
    3[02] (bBii)[7, 1, 1100160, 1102816]
 1000[01] (BBb)[2, 1, 7]
 2004[41] (iBii)[1100160, 1, 1102816, -1]
 1003[01] (BBBi)[3, 0, 0, 11105117]
    3[02] (bBii)[-1, 1, 1100160, 1102817]
 1000[01] (BBb)[2, 1, -1]
 2004[41] (iBii)[1100160, 1, 1102817, -1]
 1003[01] (BBBi)[3, 0, 0, 11105118]
    3[02] (bBii)[-2, 1, 1100160, 1102818]
 1000[01] (BBb)[2, 1, -2]
 2004[41] (iBii)[1100160, 1, 1102818, -1]
 1003[01] (BBBi)[3, 0, 0, 11105119]
    3[02] (bBii)[-3, 1, 1100160, 1102819]
 1000[01] (BBb)[2, 1, -3]
 2004[41] (iBii)[1100160, 1, 1102819, -1]
 1000[03] (B)[1]
 2004[41] (iBii)[1100160, 1, 1102810, -1]
    4[08] (biiB)[0, 1100160, 600, 0]
 1000[04] (B)[1]

11105398, 1
 2000[02] (B)[0]
    4[08] (biiB)[0, 1100160, 700, 1]
 2004[30] (iB)[1100160, 1]
 2003[11] (bihh)[1, 1100160, 0, 2730]
 2003[02] (iB)[11105381, 0]
    4[08] (biiB)[0, 1100160, 700, 0]
 1000[04] (B)[1]

11105399, 0
 1003[06] (Bb)[0, 1]
 2000[02] (B)[0]
    3[08] (bBBB)[0, 1, 15, 1]
    3[08] (bBBB)[0, 1, 11, 0]
 2003[08] (iiB)[11105390, 0, 1]
 2003[08] (iiB)[11105391, 0, 1]
 2003[08] (iiB)[11105392, 0, 1]
 2003[08] (iiB)[11105393, 0, 1]
 2003[08] (iiB)[11105394, 0, 1]
 2003[08] (iiB)[11105395, 0, 1]
 2003[08] (iiB)[11105396, 0, 1]
 2003[08] (iiB)[11105397, 0, 1]
 2003[08] (iiB)[11105398, 0, 1]
 2003[22] (iiB)[11105390, 11105399, 0]
 1000[04] (B)[1]

11105150, 1
 1003[01] (BBBi)[2, 0, 2, 0]
 2004[09] (iiiiii)[0, -1, -1, -1, -1, -1]
    ^(0 <- 0, 4)
 1000[04] (B)[0]
 2004[31] (iB)[0, 1]
    ^(0 <- 0, 4)
 2004[01] (iB)[0, 0]
    ^(0 <- 0, 4)
 2004[10] (iB)[0, 0]
    ^(0 <- 0, 4)
    3[03] (bBiif)[0, 1, 10000, 0, 5.0]
    ^(8 <- 0, 4)
 2004[10] (iB)[0, 1]
    ^(0 <- 0, 4)
 2004[31] (iB)[0, 0]
    ^(0 <- 0, 4)
 2004[09] (iiiiii)[0, -1, -1, 9060, -1, -1]
    ^(0 <- 0, 4)
 2004[01] (iB)[0, 1]
    ^(0 <- 0, 4)

11105160, 1
 1003[01] (BBBi)[2, 0, 2, 0]
 2004[09] (iiiiii)[0, -1, -1, -1, -1, -1]
    ^(0 <- 0, 4)
 1000[04] (B)[0]
 2004[31] (iB)[0, 1]
    ^(0 <- 0, 4)
 2004[01] (iB)[0, 0]
    ^(0 <- 0, 4)
 2004[10] (iB)[0, 0]
    ^(0 <- 0, 4)
    3[02] (bBii)[0, 1, 10000, 0]
    ^(8 <- 4, 4)
 2004[10] (iB)[0, 1]
    ^(0 <- 0, 4)
 2004[31] (iB)[0, 0]
    ^(0 <- 0, 4)
 2004[09] (iiiiii)[0, -1, -1, 9060, -1, -1]
    ^(0 <- 0, 4)
 2004[01] (iB)[0, 1]
    ^(0 <- 0, 4)

11105170, 1
 1003[01] (BBBi)[2, 0, 2, 0]
 2004[09] (iiiiii)[0, -1, -1, -1, -1, -1]
    ^(0 <- 0, 4)
 1000[04] (B)[0]
 2004[31] (iB)[0, 1]
    ^(0 <- 0, 4)
 2004[01] (iB)[0, 0]
    ^(0 <- 0, 4)
 2004[10] (iB)[0, 0]
    ^(0 <- 0, 4)
    3[02] (bBii)[0, 1, 10000, 0]
    ^(8 <- 4, 4)
 1001[00] (f)[0.0]
    ^(0 <- 8, 4)
 2004[10] (iB)[0, 1]
    ^(0 <- 0, 4)
 2004[31] (iB)[0, 0]
    ^(0 <- 0, 4)
 2004[09] (iiiiii)[0, -1, -1, 9060, -1, -1]
    ^(0 <- 0, 4)
 2004[01] (iB)[0, 1]
    ^(0 <- 0, 4)

11106200, 1
 2000[02] (B)[0]
 1000[05] (Bbii)[1, 0, 0, -1]
    ^(4 <- 12, 4)
    3[00] (bBBi)[-1, 1, 0, 0]
    ^(4 <- 12, 4)
    3[03] (bBiif)[-1, 1, 10000, 0, 7.0]
    ^(8 <- 4, 4)
    0[00] (bBb)[0, 1, -1]
 2003[18] (iiBBB)[0, -1, 0, 1, 0]
    ^(0 <- 0, 4)
    ^(4 <- 8, 4)
 2005[03] (iB)[0, 0]
    ^(0 <- 0, 4)

11106299, 1
 2000[02] (B)[0]
    3[02] (bBii)[0, 1, 10000, 1102000]
 2000[00] (iII|I)[-1, 11106298, 1101300, 13]
 2000[00] (iII|I)[-1, 11106298, 1101301, 12]
 2000[00] (iII|I)[-1, 11106298, 1101302, 12]
 2000[00] (iII|I)[-1, 11106298, 1101303, 13]
 2000[00] (iII|I)[-1, 11106298, 1101304, 12]
 2000[00] (iII|I)[-1, 11106298, 1101305, 12]
 2000[00] (iII|I)[-1, 11106298, 1101306, 13]
 2000[00] (iII|I)[-1, 11106298, 1101307, 12]
 2000[00] (iII|I)[-1, 11106298, 1101308, 12]
 2000[00] (iII|I)[-1, 11106298, 1101309, 13]
 2000[00] (iII|I)[-1, 11106298, 1101310, 12]
 2000[00] (iII|I)[-1, 11106298, 1101311, 12]

11106298, 2
 2003[18] (iiBBB)[0, -1, 0, 1, 0]
    ^(0 <- 0, 4)
    ^(4 <- 4, 4)
 2005[03] (iB)[0, 0]
    ^(0 <- 0, 4)

11100070, 0
 1003[01] (BBBi)[4, 0, 2, 0]
 2005[07] (ii)[0, 0]
    ^(0 <- 4, 4)
    ^(4 <- 12, 4)
 2005[08] (ib)[0, 1]
    ^(0 <- 0, 4)
 2005[04] (iB)[0, 1]
    ^(0 <- 4, 4)
 1000[04] (B)[0]
 2005[04] (iB)[0, 0]
    ^(0 <- 4, 4)
 1003[05] (Bb)[1, 1]
 2006[04] (iii)[0, 90, 99005]
    ^(0 <- 4, 4)
 2003[18] (iiBBB)[0, -1, 1, 0, 0]
    ^(0 <- 4, 4)
    ^(4 <- 8, 4)
    5[00] (bBi)[0, 1, 0]
    ^(4 <- 0, 4)
 2003[18] (iiBBB)[0, -1, 0, 1, 0]
    ^(0 <- 4, 4)
    ^(4 <- 12, 4)
 1003[05] (Bb)[1, 1]
 2006[05] (ii)[0, 1]
    ^(0 <- 4, 4)
 2005[04] (iB)[0, 1]
    ^(0 <- 4, 4)

11105370, 1
 1003[01] (BBBi)[2, 0, 0, 11100410]
 2004[09] (iiiiii)[1100170, -1, -1, -1, -1, -1]
 1000[04] (B)[0]
    4[03] (bib)[3, 10000, 2]
    0[00] (bBb)[1, 0, 3]
    3[02] (bBii)[1, 1, 10000, 1102070]
    0[00] (bBb)[2, 0, 3]
    4[01] (bii)[2, 1100170, 10000]
    0[00] (bBb)[-2, 1, 1]
    0[00] (bBb)[-2, 1, 2]
    0[00] (bBb)[0, 1, -2]
 2003[02] (iB)[11100410, 1]
 2004[09] (iiiiii)[1100170, -1, -1, -1, -1, -1]
 2003[18] (iiBBB)[1100170, 9060, 0, 0, 0]
 2010[02] (iii)[1102080, 0, 110003420]

11105371, 1
 2004[05] (iB)[1100172, 0]
 1003[01] (BBBi)[4, 0, 1, 0]
    4[07] (biB)[0, 1100170, 1]
 2004[26] (iBB)[1100170, 0, 0]
 2004[26] (iBB)[1100170, 1, 0]
 1000[04] (B)[0]
    4[08] (biiB)[0, 1100170, 400, 1]
 2004[26] (iBB)[1100170, 0, 0]
 2004[26] (iBB)[1100170, 1, 0]
 2004[42] (iBiii)[1100172, 2, 1100170, 30, 1100170]
 2004[05] (iB)[1100172, 1]
 2003[18] (iiBBB)[1100172, 8100, 0, 1, 0]
 2004[05] (iB)[1100172, 0]

11100100, 0
 1003[01] (BBBi)[4, 0, 2, 0]
 2005[01] (ib)[0, 1]
    ^(0 <- 0, 4)
 2003[18] (iiBBB)[0, 0, 0, 0, 0]
    ^(0 <- 0, 4)
 2006[01] (iB)[0, 0]
    ^(0 <- 4, 4)
 1000[04] (B)[0]
    5[00] (bBi)[0, 1, 0]
    ^(4 <- 0, 4)
 2006[01] (iB)[0, 1]
    ^(0 <- 4, 4)

11100400, 1
 2004[12] (iB)[1100171, 1]
 2004[15] (iB)[1100171, 1]
 2004[30] (iB)[1100171, 0]
 1003[01] (BBBi)[2, 0, 1, 0]
 2004[05] (iB)[1100170, 0]
 1000[04] (B)[0]
 2004[35] (iB)[1100170, 1]
 2004[10] (iB)[1100170, 0]
    4[00] (biB)[0, 1100170, 1]
 2003[02] (iB)[11100400, 1]

11100030, 0
 1003[01] (BBBi)[3, 0, 2, 0]
 2005[07] (ii)[1101130, 2]
 2003[13] (iIB)[1102040, 1, 1]
 1000[04] (B)[0]
 2003[13] (iIB)[1102040, 1, 0]
    3[00] (bBBi)[1, 0, 0, 11100700]
    3[05] (biifhfiBi)[1, 0, 1101130, 60.0, 100, 1.5, 10010400, 255, 0]
    0[00] (bBb)[0, 1, 1]
 2004[41] (iBii)[10000, 1, 1102090, -1]
 2003[18] (iiBBB)[10000, 7120, 0, 0, 0]
 2003[18] (iiBBB)[1101130, 1, 0, 1, 0]
 2003[13] (iIB)[1102040, 1, 1]

11100031, 0
 2000[02] (B)[0]
    3[00] (bBBi)[1, 0, 0, 11100030]
    3[05] (biifhfiBi)[1, 0, 1101130, 60.0, 101, 1.5, 10010400, 255, 0]
    0[00] (bBb)[0, 1, 1]
 2007[01] (ihhif)[10010161, 0, 6, 1101130, 3.0]
 1000[04] (B)[1]

11100120, 0
 1003[02] (BBBi)[0, 1, 2, 0]
    5[02] (bi)[0, 0]
    ^(4 <- 0, 4)
 1003[06] (Bb)[0, 1]
 2007[01] (ihhif)[0, 0, 6, -1, 3.0]
    ^(0 <- 4, 4)
    ^(8 <- 8, 4)

11100135, 0
 1003[01] (BBBi)[4, 0, 2, 0]
 2005[07] (ii)[1101160, 1]
 2005[07] (ii)[1101170, 1]
 2003[13] (iIB)[1102041, 1, 1]
 1000[04] (B)[0]
    3[05] (biifhfiBi)[0, 0, 1101150, 60.0, 192, 1.5, 10010503, 255, 0]
 2005[03] (iB)[1101018, 0]
 2005[03] (iB)[1101019, 0]
 2005[03] (iB)[1101020, 0]
 2004[41] (iBii)[10000, 0, 1101150, 191]
 2003[18] (iiBBB)[10000, 8010, 0, 0, 0]
 2003[18] (iiBBB)[1101150, 1, 0, 1, 0]
 1003[05] (Bb)[2, 3]
 2002[03] (iIi)[110000, 2, 10000]
 1000[03] (B)[1]
 2002[03] (iIi)[110000, 0, 10000]
 2003[18] (iiBBB)[1101160, 1, 0, 0, 0]
 2003[18] (iiBBB)[1101170, 1, 0, 0, 0]
 2003[13] (iIB)[1102041, 1, 1]

11100136, 0
 2000[02] (B)[0]
    3[00] (bBBi)[1, 0, 0, 11100135]
    3[05] (biifhfiBi)[1, 0, 1101170, 60.0, 100, 1.5, 10010400, 255, 0]
    0[00] (bBb)[0, 1, 1]
 2007[01] (ihhif)[10010160, 0, 6, 1101170, 3.0]
 1000[04] (B)[1]

11100420, 1
 1003[01] (BBBi)[3, 0, 1, 0]
 2004[41] (iBii)[1100180, 1, 1102201, -1]
 2004[13] (ii)[1100180, 1102201]
 1000[04] (B)[0]
 2004[01] (iB)[1100180, 0]
    3[02] (bBii)[-1, 1, 10000, 1102200]
    4[01] (bii)[-1, 1100180, 10000]
    4[01] (bii)[-1, 1100130, 10000]
    4[01] (bii)[-1, 1100132, 10000]
    4[01] (bii)[-1, 1100135, 10000]
    4[01] (bii)[-1, 1100136, 10000]
    0[00] (bBb)[0, 1, -1]
 2003[18] (iiBBB)[1100180, 500, 0, 0, 0]
 2004[01] (iB)[1100180, 1]
 2004[13] (ii)[1100180, 1102201]

11100710, 0
 2003[02] (iB)[11105380, 0]
    3[06] (bb)[1, 0]
    3[00] (bBBi)[1, 0, 0, 1691]
    3[02] (bBii)[1, 1, 10000, 1102500]
    0[00] (bBb)[0, 1, 1]
 2004[12] (iB)[1100160, 1]
 1003[06] (Bb)[0, 1]
 2004[12] (iB)[1100160, 0]
 2003[02] (iB)[11105380, 1]
 1003[01] (BBBi)[1, 1, 0, 4]
    3[00] (bBBi)[0, 1, 0, 11105395]
 2002[04] (iIiBBi)[110035, 0, 1512500, 15, 1, 10000]
 1001[01] (i)[1]
 1003[01] (BBBi)[1, 1, 1, 0]
 2003[36] (i)[9030]
 2003[23] (i)[1512960]
 2000[05] (B)[0]
 1000[04] (B)[1]

11105010, 1
 1003[02] (BBBi)[0, 1, 1, 0]
    4[00] (biB)[1, 1100200, 0]
    4[00] (biB)[1, 1100201, 0]
    4[00] (biB)[1, 1100202, 0]
    4[00] (biB)[1, 1100203, 0]
    4[00] (biB)[1, 1100204, 0]
    4[00] (biB)[1, 1100205, 0]
    4[00] (biB)[1, 1100206, 0]
    4[00] (biB)[1, 1100207, 0]
    4[00] (biB)[1, 1100208, 0]
    4[00] (biB)[1, 1100209, 0]
    4[00] (biB)[1, 1100210, 0]
    4[00] (biB)[1, 1100211, 0]
    4[00] (biB)[1, 1100212, 0]
    4[00] (biB)[1, 1100213, 0]
 1000[02] (BBb)[0, 0, 1]
 2004[31] (iB)[1100200, 1]
 2004[31] (iB)[1100201, 1]
 2004[31] (iB)[1100202, 1]
 2004[31] (iB)[1100203, 1]
 2004[31] (iB)[1100204, 1]
 2004[31] (iB)[1100205, 1]
 2004[31] (iB)[1100206, 1]
 2004[31] (iB)[1100207, 1]
 2004[31] (iB)[1100208, 1]
 2004[31] (iB)[1100209, 1]
 2004[31] (iB)[1100210, 1]
 2004[31] (iB)[1100211, 1]
 2004[31] (iB)[1100212, 1]
 2004[31] (iB)[1100213, 1]
 2004[39] (iB)[1100200, 0]
 2004[39] (iB)[1100201, 0]
 2004[39] (iB)[1100202, 0]
 2004[39] (iB)[1100203, 0]
 2004[39] (iB)[1100204, 0]
 2004[39] (iB)[1100205, 0]
 2004[39] (iB)[1100206, 0]
 2004[39] (iB)[1100207, 0]
 2004[39] (iB)[1100208, 0]
 2004[39] (iB)[1100209, 0]
 2004[39] (iB)[1100210, 0]
 2004[39] (iB)[1100211, 0]
 2004[39] (iB)[1100212, 0]
 2004[39] (iB)[1100213, 0]
 2004[10] (iB)[1100200, 0]
 2004[10] (iB)[1100201, 0]
 2004[10] (iB)[1100202, 0]
 2004[10] (iB)[1100203, 0]
 2004[10] (iB)[1100204, 0]
 2004[10] (iB)[1100205, 0]
 2004[10] (iB)[1100206, 0]
 2004[10] (iB)[1100207, 0]
 2004[10] (iB)[1100208, 0]
 2004[10] (iB)[1100209, 0]
 2004[10] (iB)[1100210, 0]
 2004[10] (iB)[1100211, 0]
 2004[10] (iB)[1100212, 0]
 2004[10] (iB)[1100213, 0]
 2004[01] (iB)[1100200, 0]
 2004[01] (iB)[1100201, 0]
 2004[01] (iB)[1100202, 0]
 2004[01] (iB)[1100203, 0]
 2004[01] (iB)[1100204, 0]
 2004[01] (iB)[1100205, 0]
 2004[01] (iB)[1100206, 0]
 2004[01] (iB)[1100207, 0]
 2004[01] (iB)[1100208, 0]
 2004[01] (iB)[1100209, 0]
 2004[01] (iB)[1100210, 0]
 2004[01] (iB)[1100211, 0]
 2004[01] (iB)[1100212, 0]
 2004[01] (iB)[1100213, 0]
 2004[09] (iiiiii)[1100200, 9000, -1, -1, -1, -1]
 2004[09] (iiiiii)[1100201, 9000, -1, -1, -1, -1]
 2004[09] (iiiiii)[1100202, 9000, -1, -1, -1, -1]
 2004[09] (iiiiii)[1100203, 9000, -1, -1, -1, -1]
 2004[09] (iiiiii)[1100204, 9000, -1, -1, -1, -1]
 2004[09] (iiiiii)[1100205, 9000, -1, -1, -1, -1]
 2004[09] (iiiiii)[1100206, 9000, -1, -1, -1, -1]
 2004[09] (iiiiii)[1100207, 9000, -1, -1, -1, -1]
 2004[09] (iiiiii)[1100208, 9000, -1, -1, -1, -1]
 2004[09] (iiiiii)[1100209, 9000, -1, -1, -1, -1]
 2004[09] (iiiiii)[1100210, 9000, -1, -1, -1, -1]
 2004[09] (iiiiii)[1100211, 9000, -1, -1, -1, -1]
 2004[09] (iiiiii)[1100212, 9000, -1, -1, -1, -1]
 2004[09] (iiiiii)[1100213, 9000, -1, -1, -1, -1]
 2004[41] (iBii)[1100200, 1, 1102830, -1]
 2004[41] (iBii)[1100201, 1, 1102831, -1]
 2004[41] (iBii)[1100202, 1, 1102832, -1]
 2004[41] (iBii)[1100203, 1, 1102833, -1]
 2004[41] (iBii)[1100204, 1, 1102834, -1]
 2004[41] (iBii)[1100205, 1, 1102835, -1]
 2004[41] (iBii)[1100206, 1, 1102836, -1]
 2004[41] (iBii)[1100207, 1, 1102837, -1]
 2004[41] (iBii)[1100208, 1, 1102838, -1]
 2004[41] (iBii)[1100209, 1, 1102839, -1]
 2004[41] (iBii)[1100210, 1, 1102840, -1]
 2004[41] (iBii)[1100211, 1, 1102841, -1]
 2004[41] (iBii)[1100212, 1, 1102842, -1]
 2004[41] (iBii)[1100213, 1, 1102843, -1]
    3[02] (bBii)[0, 1, 10000, 1102300]
 2004[01] (iB)[1100200, 1]
 2004[01] (iB)[1100201, 1]
 2004[01] (iB)[1100202, 1]
 2004[01] (iB)[1100203, 1]
 2004[01] (iB)[1100204, 1]
 2004[01] (iB)[1100205, 1]
 2004[01] (iB)[1100206, 1]
 2004[01] (iB)[1100207, 1]
 2004[01] (iB)[1100208, 1]
 2004[01] (iB)[1100209, 1]
 2004[01] (iB)[1100210, 1]
 2004[01] (iB)[1100211, 1]
 2004[01] (iB)[1100212, 1]
 2004[01] (iB)[1100213, 1]
 2004[09] (iiiiii)[1100200, -1, -1, -1, -1, -1]
 2004[09] (iiiiii)[1100201, -1, -1, -1, -1, -1]
 2004[09] (iiiiii)[1100202, -1, -1, -1, -1, -1]
 2004[09] (iiiiii)[1100203, -1, -1, -1, -1, -1]
 2004[09] (iiiiii)[1100204, -1, -1, -1, -1, -1]
 2004[09] (iiiiii)[1100205, -1, -1, -1, -1, -1]
 2004[09] (iiiiii)[1100206, -1, -1, -1, -1, -1]
 2004[09] (iiiiii)[1100207, -1, -1, -1, -1, -1]
 2004[09] (iiiiii)[1100208, -1, -1, -1, -1, -1]
 2004[09] (iiiiii)[1100209, -1, -1, -1, -1, -1]
 2004[09] (iiiiii)[1100210, -1, -1, -1, -1, -1]
 2004[09] (iiiiii)[1100211, -1, -1, -1, -1, -1]
 2004[09] (iiiiii)[1100212, -1, -1, -1, -1, -1]
 2004[09] (iiiiii)[1100213, -1, -1, -1, -1, -1]
 2004[10] (iB)[1100200, 1]
 2004[10] (iB)[1100201, 1]
 2004[10] (iB)[1100202, 1]
 2004[10] (iB)[1100203, 1]
 2004[10] (iB)[1100204, 1]
 2004[10] (iB)[1100205, 1]
 2004[10] (iB)[1100206, 1]
 2004[10] (iB)[1100207, 1]
 2004[10] (iB)[1100208, 1]
 2004[10] (iB)[1100209, 1]
 2004[10] (iB)[1100210, 1]
 2004[10] (iB)[1100211, 1]
 2004[10] (iB)[1100212, 1]
 2004[10] (iB)[1100213, 1]
 2004[39] (iB)[1100200, 1]
 2004[39] (iB)[1100201, 1]
 2004[39] (iB)[1100202, 1]
 2004[39] (iB)[1100203, 1]
 2004[39] (iB)[1100204, 1]
 2004[39] (iB)[1100205, 1]
 2004[39] (iB)[1100206, 1]
 2004[39] (iB)[1100207, 1]
 2004[39] (iB)[1100208, 1]
 2004[39] (iB)[1100209, 1]
 2004[39] (iB)[1100210, 1]
 2004[39] (iB)[1100211, 1]
 2004[39] (iB)[1100212, 1]
 2004[39] (iB)[1100213, 1]
 2004[31] (iB)[1100200, 0]
 2004[31] (iB)[1100201, 0]
 2004[31] (iB)[1100202, 0]
 2004[31] (iB)[1100203, 0]
 2004[31] (iB)[1100204, 0]
 2004[31] (iB)[1100205, 0]
 2004[31] (iB)[1100206, 0]
 2004[31] (iB)[1100207, 0]
 2004[31] (iB)[1100208, 0]
 2004[31] (iB)[1100209, 0]
 2004[31] (iB)[1100210, 0]
 2004[31] (iB)[1100211, 0]
 2004[31] (iB)[1100212, 0]
 2004[31] (iB)[1100213, 0]

11100200, 1
 2000[00] (iII|IIII)[0, 11105190, 1100300, 3010, 3011, 11105230, 11105232]
 2000[00] (iII|IIII)[1, 11105190, 1100301, 3012, 3013, 11105234, 11105236]
 2000[00] (iII|I)[0, 11105195, 1100302, 11105240]
 2000[00] (iII|I)[1, 11105195, 1100303, 11105244]
 2000[00] (iII|IIIIIII)[0, 11105200, 11105190, 11105210, 0, 11105250, 11105230, 11105231, 11105232, 11105233]
 2000[00] (iII|IIIIIII)[1, 11105200, 11105191, 11105211, 1, 11105260, 11105234, 11105235, 11105236, 11105237]
 2000[00] (iII|IIIIIII)[2, 11105200, 11105195, 11105212, 2, 11105270, 11105238, 11105239, 11105240, 11105241]
 2000[00] (iII|IIIIIII)[3, 11105200, 11105196, 11105213, 3, 11105280, 11105242, 11105243, 11105244, 11105245]
 2000[00] (iII|III)[0, 11105220, 1100300, 11105210, 1092616192, 11105250]
 2000[00] (iII|III)[1, 11105220, 1100301, 11105211, 1092616192, 11105260]
 2000[00] (iII|III)[2, 11105220, 1100302, 11105212, 1092616192, 11105270]
 2000[00] (iII|III)[3, 11105220, 1100303, 11105213, 1092616192, 11105280]
 2000[00] (iII|IIIIII)[0, 11105250, 11105210, 1100300, 1, 1102040, 11105230, 11105233, 11105232]
 2000[00] (iII|IIIIII)[1, 11105250, 11105210, 1100300, 2, 1102020, 11105230, 11105233, 11105230]
 2000[00] (iII|IIIIII)[2, 11105250, 11105210, 1100300, 3, 1102030, 11105230, 11105233, 11105231]
 2000[00] (iII|IIIIII)[3, 11105250, 11105210, 1100300, 4, 1102020, 11105230, 11105233, 11105230]
 2000[00] (iII|IIIIII)[4, 11105250, 11105210, 1100300, 5, 1102050, 11105230, 11105233, 11105233]
 2000[00] (iII|IIIIII)[5, 11105250, 11105210, 1100300, 6, 1102040, 11105230, 11105233, 11105232]
 2000[00] (iII|IIIIII)[0, 11105260, 11105211, 1100301, 1, 1102040, 11105234, 11105237, 11105236]
 2000[00] (iII|IIIIII)[1, 11105260, 11105211, 1100301, 2, 1102020, 11105234, 11105237, 11105234]
 2000[00] (iII|IIIIII)[2, 11105260, 11105211, 1100301, 3, 1102030, 11105234, 11105237, 11105235]
 2000[00] (iII|IIIIII)[3, 11105260, 11105211, 1100301, 4, 1102020, 11105234, 11105237, 11105234]
 2000[00] (iII|IIIIII)[4, 11105260, 11105211, 1100301, 5, 1102050, 11105234, 11105237, 11105237]
 2000[00] (iII|IIIIII)[5, 11105260, 11105211, 1100301, 6, 1102040, 11105234, 11105237, 11105236]
 2000[00] (iII|IIIIII)[0, 11105270, 11105212, 1100302, 1, 1102040, 11105238, 11105241, 11105240]
 2000[00] (iII|IIIIII)[1, 11105270, 11105212, 1100302, 2, 1102020, 11105238, 11105241, 11105238]
 2000[00] (iII|IIIIII)[2, 11105270, 11105212, 1100302, 3, 1102030, 11105238, 11105241, 11105239]
 2000[00] (iII|IIIIII)[3, 11105270, 11105212, 1100302, 4, 1102020, 11105238, 11105241, 11105238]
 2000[00] (iII|IIIIII)[4, 11105270, 11105212, 1100302, 5, 1102050, 11105238, 11105241, 11105241]
 2000[00] (iII|IIIIII)[5, 11105270, 11105212, 1100302, 6, 1102040, 11105238, 11105241, 11105240]
 2000[00] (iII|IIIIII)[0, 11105280, 11105213, 1100303, 1, 1102040, 11105242, 11105245, 11105244]
 2000[00] (iII|IIIIII)[1, 11105280, 11105213, 1100303, 2, 1102020, 11105242, 11105245, 11105242]
 2000[00] (iII|IIIIII)[2, 11105280, 11105213, 1100303, 3, 1102030, 11105242, 11105245, 11105243]
 2000[00] (iII|IIIIII)[3, 11105280, 11105213, 1100303, 4, 1102020, 11105242, 11105245, 11105242]
 2000[00] (iII|IIIIII)[4, 11105280, 11105213, 1100303, 5, 1102050, 11105242, 11105245, 11105245]
 2000[00] (iII|IIIIII)[5, 11105280, 11105213, 1100303, 6, 1102040, 11105242, 11105245, 11105244]

11105190, 2
 1003[01] (BBBi)[2, 0, 2, 0]
 2004[09] (iiiiii)[0, -1, -1, -1, -1, -1]
    ^(0 <- 0, 4)
 1000[04] (B)[0]
 2004[31] (iB)[0, 1]
    ^(0 <- 0, 4)
 2004[10] (iB)[0, 0]
    ^(0 <- 0, 4)
 2004[08] (ii)[0, 4160]
    ^(0 <- 0, 4)
 1003[05] (Bb)[1, 1]
    3[00] (bBBi)[1, 1, 0, 51100260]
    3[06] (bb)[1, 0]
    3[02] (bBii)[1, 1, 10000, 1202021]
    3[02] (bBii)[2, 1, 10000, 1102040]
    0[00] (bBb)[-1, 1, 1]
    0[00] (bBb)[-1, 1, 2]
    0[00] (bBb)[0, 1, -1]
 2004[31] (iB)[0, 0]
    ^(0 <- 0, 4)
 2004[10] (iB)[0, 1]
    ^(0 <- 0, 4)
 2004[09] (iiiiii)[0, -1, -1, -1, -1, -1]
    ^(0 <- 0, 4)
 1000[07] (BBb)[5, 0, 1]
 2003[18] (iiBBB)[0, -1, 0, 1, 0]
    ^(0 <- 0, 4)
    ^(4 <- 4, 4)
 2004[21] (ii)[0, 4160]
    ^(0 <- 0, 4)
 2004[13] (ii)[0, 1102020]
    ^(0 <- 0, 4)
 2003[02] (iB)[0, 1]
    ^(0 <- 12, 4)
 1000[04] (B)[1]
 2003[18] (iiBBB)[0, -1, 0, 1, 0]
    ^(0 <- 0, 4)
    ^(4 <- 8, 4)
 2004[21] (ii)[0, 4160]
    ^(0 <- 0, 4)
 2004[13] (ii)[0, 1102040]
    ^(0 <- 0, 4)
 2003[02] (iB)[0, 1]
    ^(0 <- 16, 4)
 1000[04] (B)[1]

11105195, 2
 1003[02] (BBBi)[0, 1, 2, 0]
 2003[02] (iB)[0, 1]
    ^(0 <- 4, 4)
    4[09] (biB)[-1, 0, 3]
    ^(4 <- 0, 4)
    3[02] (bBii)[-1, 1, 10000, 1102050]
    0[00] (bBb)[0, 1, -1]
 2003[18] (iiBBB)[0, 3006, 0, 0, 0]
    ^(0 <- 0, 4)

11105200, 2
    3[00] (bBBi)[0, 1, 0, 0]
    ^(4 <- 0, 4)
    3[00] (bBBi)[1, 0, 0, 0]
    ^(4 <- 16, 4)
    3[02] (bBii)[1, 1, 10000, 1102020]
    3[00] (bBBi)[2, 0, 0, 0]
    ^(4 <- 20, 4)
    3[02] (bBii)[2, 1, 10000, 1102030]
    3[00] (bBBi)[3, 0, 0, 0]
    ^(4 <- 24, 4)
    3[02] (bBii)[3, 1, 10000, 1102040]
    3[00] (bBBi)[4, 0, 0, 0]
    ^(4 <- 28, 4)
    3[02] (bBii)[4, 1, 10000, 1102050]
    0[00] (bBb)[-1, 1, 1]
    0[00] (bBb)[-1, 1, 2]
    0[00] (bBb)[-1, 1, 3]
    0[00] (bBb)[-1, 1, 4]
    0[00] (bBb)[0, 1, -1]
 2003[02] (iB)[0, 1]
    ^(0 <- 4, 4)
 2003[08] (iiB)[11105220, 0, 1]
    ^(4 <- 8, 4)
 1000[07] (BBb)[6, 0, 1]
 1003[01] (BBBi)[1, 0, 0, 0]
    ^(4 <- 20, 4)
 2003[08] (iiB)[0, 3, 1]
    ^(0 <- 12, 4)
 1003[01] (BBBi)[1, 0, 0, 0]
    ^(4 <- 24, 4)
 2003[08] (iiB)[0, 1, 1]
    ^(0 <- 12, 4)
 1003[01] (BBBi)[1, 0, 0, 0]
    ^(4 <- 28, 4)
 2003[08] (iiB)[0, 5, 1]
    ^(0 <- 12, 4)
 1000[07] (BBb)[6, 0, 2]
 1003[01] (BBBi)[1, 0, 0, 0]
    ^(4 <- 16, 4)
 2003[08] (iiB)[0, 2, 1]
    ^(0 <- 12, 4)
 1003[01] (BBBi)[1, 0, 0, 0]
    ^(4 <- 24, 4)
 2003[08] (iiB)[0, 1, 1]
    ^(0 <- 12, 4)
 1003[01] (BBBi)[1, 0, 0, 0]
    ^(4 <- 28, 4)
 2003[08] (iiB)[0, 5, 1]
    ^(0 <- 12, 4)
 1000[07] (BBb)[6, 0, 3]
 1003[01] (BBBi)[1, 0, 0, 0]
    ^(4 <- 16, 4)
 2003[08] (iiB)[0, 0, 1]
    ^(0 <- 12, 4)
 1003[01] (BBBi)[1, 0, 0, 0]
    ^(4 <- 20, 4)
 2003[08] (iiB)[0, 3, 1]
    ^(0 <- 12, 4)
 1003[01] (BBBi)[1, 0, 0, 0]
    ^(4 <- 28, 4)
 2003[08] (iiB)[0, 5, 1]
    ^(0 <- 12, 4)
 1000[07] (BBb)[6, 0, 4]
 1003[01] (BBBi)[1, 0, 0, 0]
    ^(4 <- 16, 4)
 2003[08] (iiB)[0, 0, 1]
    ^(0 <- 12, 4)
 1003[01] (BBBi)[1, 0, 0, 0]
    ^(4 <- 20, 4)
 2003[08] (iiB)[0, 3, 1]
    ^(0 <- 12, 4)
 1003[01] (BBBi)[1, 0, 0, 0]
    ^(4 <- 24, 4)
 2003[08] (iiB)[0, 4, 1]
    ^(0 <- 12, 4)
    3[00] (bBBi)[0, 0, 0, 0]
    ^(4 <- 4, 4)
 1000[04] (B)[1]

11105220, 2
 2000[02] (B)[0]
    3[00] (bBBi)[0, 1, 0, 0]
    ^(4 <- 4, 4)
 1001[00] (f)[0.0]
    ^(0 <- 8, 4)
 1003[02] (BBBi)[1, 0, 0, 0]
    ^(4 <- 4, 4)
 2003[02] (iB)[0, 0]
    ^(0 <- 4, 4)
 2003[08] (iiB)[0, 0, 1]
    ^(0 <- 12, 4)
 2003[08] (iiB)[0, 1, 1]
    ^(0 <- 12, 4)
 2003[08] (iiB)[0, 2, 1]
    ^(0 <- 12, 4)
 2003[08] (iiB)[0, 3, 1]
    ^(0 <- 12, 4)
 2003[08] (iiB)[0, 4, 1]
    ^(0 <- 12, 4)
 2003[08] (iiB)[0, 5, 1]
    ^(0 <- 12, 4)
 2004[17] (iiB)[0, -1, 0]
    ^(0 <- 0, 4)
 2004[20] (i)[0]
    ^(0 <- 0, 4)
 1000[04] (B)[1]

11105250, 2
 1003[01] (BBBi)[2, 1, 0, 0]
    ^(4 <- 0, 4)
    4[00] (biB)[0, 0, 1]
    ^(4 <- 4, 4)
 1000[04] (B)[0]
 2004[17] (iiB)[0, 0, 0]
    ^(0 <- 4, 4)
    ^(4 <- 8, 4)
 2004[20] (i)[0]
    ^(0 <- 4, 4)
    3[02] (bBii)[0, 1, 0, 0]
    ^(4 <- 4, 4)
    ^(8 <- 12, 4)
 2004[13] (ii)[0, 0]
    ^(0 <- 4, 4)
    ^(4 <- 12, 4)
 2003[22] (iiB)[0, 0, 0]
    ^(0 <- 16, 4)
    ^(4 <- 20, 4)
 2003[02] (iB)[0, 1]
    ^(0 <- 24, 4)
 2003[02] (iB)[0, 0]
    ^(0 <- 0, 4)
 2004[17] (iiB)[0, -1, 0]
    ^(0 <- 4, 4)
 2004[20] (i)[0]
    ^(0 <- 4, 4)
 1000[04] (B)[1]

11105260, 2
 1003[01] (BBBi)[2, 1, 0, 0]
    ^(4 <- 0, 4)
    4[00] (biB)[0, 0, 1]
    ^(4 <- 4, 4)
 1000[04] (B)[0]
 2004[17] (iiB)[0, 0, 0]
    ^(0 <- 4, 4)
    ^(4 <- 8, 4)
 2004[20] (i)[0]
    ^(0 <- 4, 4)
    3[02] (bBii)[0, 1, 0, 0]
    ^(4 <- 4, 4)
    ^(8 <- 12, 4)
 2004[13] (ii)[0, 0]
    ^(0 <- 4, 4)
    ^(4 <- 12, 4)
 2003[22] (iiB)[0, 0, 0]
    ^(0 <- 16, 4)
    ^(4 <- 20, 4)
 2003[02] (iB)[0, 1]
    ^(0 <- 24, 4)
 2003[02] (iB)[0, 0]
    ^(0 <- 0, 4)
 2004[17] (iiB)[0, -1, 0]
    ^(0 <- 4, 4)
 2004[20] (i)[0]
    ^(0 <- 4, 4)
 1000[04] (B)[1]

11105270, 2
 1003[01] (BBBi)[2, 1, 0, 0]
    ^(4 <- 0, 4)
    4[00] (biB)[0, 0, 1]
    ^(4 <- 4, 4)
 1000[04] (B)[0]
 2004[17] (iiB)[0, 0, 0]
    ^(0 <- 4, 4)
    ^(4 <- 8, 4)
 2004[20] (i)[0]
    ^(0 <- 4, 4)
    3[02] (bBii)[0, 1, 0, 0]
    ^(4 <- 4, 4)
    ^(8 <- 12, 4)
 2004[13] (ii)[0, 0]
    ^(0 <- 4, 4)
    ^(4 <- 12, 4)
 2003[22] (iiB)[0, 0, 0]
    ^(0 <- 16, 4)
    ^(4 <- 20, 4)
 2003[02] (iB)[0, 1]
    ^(0 <- 24, 4)
 2003[02] (iB)[0, 0]
    ^(0 <- 0, 4)
 2004[17] (iiB)[0, -1, 0]
    ^(0 <- 4, 4)
 2004[20] (i)[0]
    ^(0 <- 4, 4)
 1000[04] (B)[1]

11105280, 2
 1003[01] (BBBi)[2, 1, 0, 0]
    ^(4 <- 0, 4)
    4[00] (biB)[0, 0, 1]
    ^(4 <- 4, 4)
 1000[04] (B)[0]
 2004[17] (iiB)[0, 0, 0]
    ^(0 <- 4, 4)
    ^(4 <- 8, 4)
 2004[20] (i)[0]
    ^(0 <- 4, 4)
    3[02] (bBii)[0, 1, 0, 0]
    ^(4 <- 4, 4)
    ^(8 <- 12, 4)
 2004[13] (ii)[0, 0]
    ^(0 <- 4, 4)
    ^(4 <- 12, 4)
 2003[22] (iiB)[0, 0, 0]
    ^(0 <- 16, 4)
    ^(4 <- 20, 4)
 2003[02] (iB)[0, 1]
    ^(0 <- 24, 4)
 2003[02] (iB)[0, 0]
    ^(0 <- 0, 4)
 2004[17] (iiB)[0, -1, 0]
    ^(0 <- 4, 4)
 2004[20] (i)[0]
    ^(0 <- 4, 4)
 1000[04] (B)[1]

11100600, 0
 1003[01] (BBBi)[4, 0, 2, 0]
 2005[07] (ii)[0, 0]
    ^(0 <- 0, 4)
 2005[06] (iiB)[0, -1, 0]
    ^(0 <- 0, 4)
 2005[04] (iB)[0, 1]
    ^(0 <- 0, 4)
 1000[04] (B)[0]
 2005[04] (iB)[0, 0]
    ^(0 <- 0, 4)
    5[02] (bi)[0, 0]
    ^(4 <- 4, 4)
 1001[01] (i)[10]
 2005[04] (iB)[0, 1]
    ^(0 <- 0, 4)

11100510, 0
    4[02] (bibf)[1, 0, 5, 0.8999999761581421]
    ^(4 <- 0, 4)
    4[02] (bibf)[1, 0, 2, 0.0]
    ^(4 <- 0, 4)
    4[01] (bii)[1, 0, 10000]
    ^(4 <- 0, 4)
    3[00] (bBBi)[2, 1, 0, 0]
    ^(4 <- 4, 4)
    3[00] (bBBi)[2, 1, 2, 0]
    3[00] (bBBi)[3, 1, 0, 0]
    ^(4 <- 4, 4)
    3[00] (bBBi)[3, 0, 2, 0]
    0[00] (bBb)[-1, 1, 1]
    0[00] (bBb)[-1, 1, 2]
    0[00] (bBb)[-1, 1, 3]
    0[00] (bBb)[0, 1, -1]
 1000[07] (BBb)[2, 0, 3]
 2004[05] (iB)[0, 0]
    ^(0 <- 0, 4)
    3[00] (bBBi)[0, 1, 0, 703]
 2003[02] (iB)[0, 1]
    ^(0 <- 4, 4)
 2004[02] (iB)[0, 9]
    ^(0 <- 0, 4)
 2000[05] (B)[0]

11100520, 0
 1003[01] (BBBi)[2, 0, 2, 0]
 2004[37] (i)[0]
    ^(0 <- 0, 4)
 1000[04] (B)[0]
    4[02] (bibf)[0, 0, 5, 0.0]
    ^(4 <- 0, 4)
 2003[22] (iiB)[0, 0, 0]
    ^(0 <- 4, 4)
    ^(4 <- 8, 4)
 2003[02] (iB)[0, 1]
    ^(0 <- 12, 4)

11100530, 0
    3[00] (bBBi)[1, 1, 0, 1690]
    4[01] (bii)[1, 0, 10000]
    ^(4 <- 0, 4)
    4[02] (bibf)[1, 0, 2, 0.0]
    ^(4 <- 0, 4)
    0[00] (bBb)[0, 1, 1]
 2003[22] (iiB)[0, 0, 0]
    ^(0 <- 4, 4)
    ^(4 <- 8, 4)
 2003[02] (iB)[0, 1]
    ^(0 <- 12, 4)

11100531, 0
 1003[01] (BBBi)[2, 0, 2, 0]
 2004[05] (iB)[0, 0]
    ^(0 <- 0, 4)
 1000[04] (B)[0]
    4[02] (bibf)[0, 0, 5, 0.0]
    ^(4 <- 0, 4)
 2003[22] (iiB)[0, 0, 0]
    ^(0 <- 4, 4)
    ^(4 <- 8, 4)
 2003[02] (iB)[0, 1]
    ^(0 <- 12, 4)

11100040, 0
 2000[02] (B)[0]
 1001[00] (f)[1.0]
 1003[02] (BBBi)[0, 1, 0, 11100700]
 2009[00] (iii)[11100012, 11100013, 1101141]

11100532, 0
 2012[01] (iB)[1103100, 0]
 2011[01] (iB)[1103101, 0]
 2005[03] (iB)[1101750, 0]
 2006[01] (iB)[1101751, 0]
    3[00] (bBBi)[0, 1, 0, 11100700]
 2003[22] (iiB)[0, 0, 0]
    ^(0 <- 4, 4)
    ^(4 <- 8, 4)
 1003[01] (BBBi)[2, 0, 0, 8111]
 2003[02] (iB)[0, 1]
    ^(0 <- 12, 4)
 1000[03] (B)[1]
 2003[02] (iB)[0, 1]
    ^(0 <- 16, 4)
 2012[01] (iB)[1103100, 1]
 2011[01] (iB)[1103101, 1]
 2005[03] (iB)[1101141, 0]
 2005[03] (iB)[1101750, 1]
 2006[02] (i)[1101751]
 2004[05] (iB)[0, 1]
    ^(0 <- 0, 4)
 2004[05] (iB)[0, 1]
    ^(0 <- 20, 4)
 2004[02] (iB)[0, 2]
    ^(0 <- 20, 4)
 2004[05] (iB)[1100200, 0]
 2004[05] (iB)[1100201, 0]
 2004[05] (iB)[1100202, 0]
 2004[05] (iB)[1100203, 0]
 2004[05] (iB)[1100204, 0]
 2004[05] (iB)[1100205, 0]
 2004[05] (iB)[1100206, 0]
 2004[05] (iB)[1100207, 0]
 2004[05] (iB)[1100208, 0]
 2004[05] (iB)[1100209, 0]
 2004[05] (iB)[1100210, 0]
 2004[05] (iB)[1100211, 0]
 2004[05] (iB)[1100212, 0]
 2004[05] (iB)[1100213, 0]
 2004[05] (iB)[1100400, 0]
 2004[05] (iB)[1100401, 0]
 2004[05] (iB)[1100402, 0]
 2004[05] (iB)[1100403, 0]
 2004[05] (iB)[1100404, 0]

11100533, 0
    3[00] (bBBi)[1, 1, 0, 1606]
    4[02] (bibf)[0, 0, 5, 0.0]
    ^(4 <- 0, 4)
 2003[22] (iiB)[0, 0, 0]
    ^(0 <- 4, 4)
    ^(4 <- 8, 4)
 2003[02] (iB)[0, 1]
    ^(0 <- 12, 4)
 2003[02] (iB)[8110, 1]

11100534, 0
    3[00] (bBBi)[1, 1, 0, 1607]
    4[02] (bibf)[0, 0, 5, 0.0]
    ^(4 <- 0, 4)
 2003[22] (iiB)[0, 0, 0]
    ^(0 <- 4, 4)
    ^(4 <- 8, 4)
 2003[02] (iB)[0, 1]
    ^(0 <- 12, 4)
 2003[02] (iB)[8110, 1]

11100535, 0
 1003[02] (BBBi)[0, 1, 1, 0]
    3[00] (bBBi)[1, 0, 0, 11100700]
    3[00] (bBBi)[1, 1, 0, 8110]
    0[00] (bBb)[0, 1, 1]
 2003[24] (iii)[3, 116, 0]
 2003[02] (iB)[11100300, 1]
 2004[05] (iB)[0, 0]
    ^(0 <- 0, 4)
 2003[22] (iiB)[0, 0, 0]
    ^(0 <- 4, 4)
    ^(4 <- 8, 4)
 1003[01] (BBBi)[2, 0, 0, 8111]
 2003[02] (iB)[0, 1]
    ^(0 <- 12, 4)
 1000[03] (B)[1]
 2003[02] (iB)[0, 1]
    ^(0 <- 16, 4)
 2003[22] (iiB)[1760, 1769, 0]
 2003[02] (iB)[1764, 1]

11100300, 0
 1003[02] (BBBi)[0, 1, 1, 0]
    3[00] (bBBi)[0, 1, 1, 0]
 1003[01] (BBBi)[1, 0, 0, 11400400]
 2003[04] (i)[2800]
 1003[01] (BBBi)[1, 0, 0, 11400401]
 2003[04] (i)[2810]
 1003[01] (BBBi)[1, 0, 0, 11400402]
 2003[04] (i)[2820]

11105030, 0
 2000[02] (B)[0]
 1003[06] (Bb)[0, 1]
 1003[02] (BBBi)[0, 1, 0, 11105031]
 1003[02] (BBBi)[0, 1, 0, 4]
    3[06] (bb)[1, 0]
    4[03] (bib)[1, 10000, 0]
    3[00] (bBBi)[1, 0, 0, 11100810]
 1003[01] (BBBi)[1, 1, 1, 0]
    3[02] (bBii)[1, 1, 10000, 1102011]
    0[00] (bBb)[0, 1, 1]
 2003[25] (iiiii)[1, 6570, 1102010, 11105031, 11105032]
 1001[00] (f)[20.0]
 1000[04] (B)[1]

11100810, 0
 1003[05] (Bb)[3, 0]
    3[00] (bBBi)[1, 1, 0, 11105031]
    3[00] (bBBi)[1, 0, 0, 11105032]
 1000[01] (BBb)[1, 1, 1]
 2004[05] (iB)[6570, 0]
 1003[02] (BBBi)[0, 1, 1, 0]
    4[00] (biB)[0, 6570, 1]
 2003[02] (iB)[11100810, 1]