0, 0
 2009[03] (iiffi)[11320992, 1321960, 2.0, 180.0, 10]
 2009[03] (iiffi)[11320984, 1321961, 2.0, 180.0, 0]
 2009[03] (iiffi)[11320976, 1321962, 2.0, 180.0, 0]
 2009[00] (iii)[11320010, 11320011, 1321140]
 2009[00] (iii)[11320012, 11320013, 1321141]
 2009[00] (iii)[11320014, 11320015, 1321142]
 2009[00] (iii)[11320016, 11320017, 1321143]
 2005[10] (iBBB)[1321900, 13, 2, 0]
 2005[10] (iBBB)[1321901, 13, 2, 0]
 2005[10] (iBBB)[1321902, 13, 2, 0]
 2005[10] (iBBB)[1321903, 13, 2, 0]
 2005[10] (iBBB)[1321904, 13, 2, 0]
 2005[10] (iBBB)[1321905, 13, 2, 0]
 2005[10] (iBBB)[1321906, 13, 2, 0]
 2005[10] (iBBB)[1321907, 13, 2, 0]
 1003[05] (Bb)[2, 1]
 2005[03] (iB)[1321994, 0]
 2006[01] (iB)[1321995, 0]
 2000[00] (iII|III)[0, 11320090, 1321700, 1321701, 1322600, 1322601]
 2000[00] (iII)[0, 11325000, 0]
 2000[00] (iII)[0, 11320800, 0]
 2000[00] (iII)[0, 11325001, 0]
 2000[00] (iII|I)[0, 11320200, 1321200, 11320200]
 2000[00] (iII|I)[1, 11320200, 1321201, 11320201]
 2000[00] (iII)[0, 11320580, 0]
 1003[01] (BBBi)[2, 0, 0, 11320100]
 2000[00] (iII)[0, 11320100, 0]
 1000[03] (B)[3]
 2000[00] (iII)[0, 11320110, 0]
 2000[00] (iII)[0, 11320100, 0]
 2000[00] (iII)[0, 11325100, 0]
 2000[00] (iII)[0, 11320101, 0]
 2000[00] (iII|I)[0, 11325150, 1320100, 1097859072]
 2000[00] (iII|I)[1, 11325150, 1320101, 1097859072]
 2000[00] (iII|I)[2, 11325150, 1320102, 1092616192]
 2000[00] (iII|III)[1, 11320300, 1320201, 11325203, 11325205, 11325203]
 2000[00] (iII|III)[2, 11320300, 1320202, 11325206, 11325208, 11325206]
 2000[00] (iII|III)[3, 11320300, 1320203, 11325209, 11325211, 11325209]
 2000[00] (iII|III)[4, 11320300, 1320204, 11325212, 11325214, 11325212]
 2000[00] (iII|III)[5, 11320300, 1320205, 11325215, 11325217, 11325215]
 2000[00] (iII|III)[6, 11320300, 1320206, 11325218, 11325220, 11325218]
 2000[00] (iII|III)[7, 11320300, 1320207, 11325221, 11325223, 11325221]
 2000[00] (iII|III)[8, 11320300, 1320208, 11325224, 11325226, 11325224]
 2000[00] (iII|III)[9, 11320300, 1320209, 11325227, 11325229, 11325227]
 2000[00] (iII|III)[10, 11320300, 1320210, 11325230, 11325232, 11325230]
 2000[00] (iII|I)[0, 11320600, 1321650, 11320600]

50, 0
 2004[45] (ii)[6288, 8446]
 1003[01] (BBBi)[1, 1, 0, 1511]
 2004[05] (iB)[6288, 0]
 2000[00] (iII|III)[0, 11320534, 6288, 1490, 1539, 1511]
 2000[00] (iII|III)[0, 11320535, 6288, 1490, 1539, 1514]
 2004[45] (ii)[6290, 8454]
 1003[01] (BBBi)[2, 1, 0, 1547]
 1003[01] (BBBi)[1, 1, 0, 1546]
 2004[05] (iB)[6290, 0]
 2000[00] (iII|I)[1, 11320510, 6290, 1547]
 2000[00] (iII|III)[1, 11320520, 6290, 1540, 1569, 1548]
 2000[00] (iII|III)[0, 11320540, 6290, 1540, 1569, 1546]
 2000[00] (iII|III)[0, 11320541, 6290, 1540, 1569, 1549]
 2004[12] (iB)[1320800, 1]

11320090, 0
 1003[01] (BBBi)[3, 0, 2, 0]
 2005[03] (iB)[0, 0]
    ^(0 <- 0, 4)
 2006[01] (iB)[0, 1]
    ^(0 <- 4, 4)
 1000[04] (B)[0]
    3[18] (biifhfiBii)[1, 1, 0, 0.0, 0, 0.0, 10010403, 48, 0, 0]
    ^(36 <- 0, 4)
    ^(8 <- 8, 4)
    3[18] (biifhfiBii)[2, 1, 0, 0.0, 0, 0.0, 10010407, 48, 0, 0]
    ^(36 <- 0, 4)
    ^(8 <- 12, 4)
    0[00] (bBb)[-1, 1, 1]
    0[00] (bBb)[-1, 1, 2]
    0[00] (bBb)[0, 1, -1]
 1000[07] (BBb)[2, 1, 2]
 2004[41] (iBii)[10000, 1, 0, -1]
    ^(8 <- 8, 4)
 1000[03] (B)[1]
 2004[41] (iBii)[10000, 1, 0, -1]
    ^(8 <- 12, 4)
 2003[18] (iiBBB)[10000, 7410, 0, 0, 0]
 2005[03] (iB)[0, 0]
    ^(0 <- 0, 4)
 2006[01] (iB)[0, 1]
    ^(0 <- 4, 4)

11325090, 1
 2004[05] (iB)[1320900, 0]
    3[11] (bBBB)[-1, 1, 2, 50]
    3[00] (bBBi)[-1, 1, 0, 11325090]
    0[00] (bBb)[0, 1, -1]
 2003[02] (iB)[11325090, 1]
 2004[05] (iB)[1320900, 1]
    3[11] (bBBB)[0, 1, 5, 50]
 2004[04] (iB)[1320900, 0]

11320110, 1
 2003[02] (iB)[11325100, 0]
 2003[02] (iB)[11325101, 0]
 2004[05] (iB)[1320701, 0]
 2004[05] (iB)[1320702, 0]
 2004[05] (iB)[1320703, 0]
 2004[05] (iB)[1320704, 0]
 2004[05] (iB)[1320705, 0]
 2004[05] (iB)[1320706, 0]
 2004[05] (iB)[1320707, 0]
 1003[02] (BBBi)[0, 1, 0, 11320100]
 2000[00] (iII)[0, 11325121, 0]
 2000[00] (iII|IIIII)[0, 11325110, 231342081, 3530, 1320701, 91, 256, 5430]
 2000[00] (iII|IIIII)[1, 11325110, 231407618, 3531, 1320702, 92, 513, 5431]
 2000[00] (iII|IIIII)[2, 11325110, 231473155, 3532, 1320703, 93, 770, 5432]
 2000[00] (iII|IIIII)[3, 11325110, 231538692, 3533, 1320704, 94, 1027, 5433]
 2000[00] (iII|IIIII)[4, 11325110, 231604229, 3534, 1320705, 95, 1284, 5434]
 2000[00] (iII|IIIII)[5, 11325110, 231669766, 3535, 1320706, 96, 1541, 5435]
 2000[00] (iII|IIIII)[6, 11325110, 231735304, 3536, 1320707, 97, 1798, 5436]

11325100, 1
    4[07] (biB)[1, 1320700, 1]
    4[08] (biiB)[1, 1320700, 300, 1]
    0[00] (bBb)[0, 1, 1]
 1003[01] (BBBi)[8, 1, 0, 11325101]
 2003[02] (iB)[11325101, 1]
 2004[41] (iBii)[1320700, 1, 1322700, -1]
 2003[18] (iiBBB)[1320700, 3011, 0, 1, 0]
 2004[41] (iBii)[1320700, 1, 1322710, -1]
 2004[13] (ii)[1320700, 1322710]
 2003[18] (iiBBB)[1320700, 9060, 0, 1, 0]
 2004[20] (i)[1320700]
 1000[04] (B)[1]
 2003[02] (iB)[11325101, 0]
 2004[41] (iBii)[1320700, 1, 1322701, -1]
 2003[18] (iiBBB)[1320700, 3014, 0, 1, 0]
 2004[41] (iBii)[1320700, 1, 1322711, -1]
 2004[13] (ii)[1320700, 1322711]
 2003[18] (iiBBB)[1320700, 9060, 0, 1, 0]
 2004[20] (i)[1320700]
 1000[04] (B)[1]

11325110, 2
 1003[01] (BBBi)[4, 0, 2, 0]
 2004[26] (iBB)[1320700, 0, 0]
    ^(4 <- 16, 1)
 2004[27] (iBB)[1320700, 0, 1]
    ^(4 <- 17, 1)
 2004[08] (ii)[1320700, 0]
    ^(4 <- 20, 4)
 1000[04] (B)[0]
    4[07] (biB)[0, 1320700, 1]
 2004[22] (ihhiffBB)[1320700, 0, 0, 270, 1.0, 1.0, 0, 0]
    ^(6 <- 0, 2)
    ^(4 <- 2, 2)
    4[06] (biiib)[1, 1320700, 0, 0, 5]
    ^(8 <- 4, 4)
    3[00] (bBBi)[1, 0, 0, 11325120]
    4[01] (bii)[1, 1320700, 10000]
    4[02] (bibf)[2, 1320700, 5, 0.0]
    0[00] (bBb)[-1, 1, 1]
    0[00] (bBb)[-1, 1, 2]
    0[00] (bBb)[0, 1, -1]
 1000[08] (BBb)[0, 1, 2]
 2004[43] (iB)[1320700, 0]
 2004[42] (iBiii)[0, 2, 1320700, -1, 1320700]
    ^(0 <- 8, 4)
    ^(12 <- 12, 4)
 2004[05] (iB)[0, 1]
    ^(0 <- 8, 4)
 2003[18] (iiBBB)[0, 8100, 0, 0, 0]
    ^(0 <- 8, 4)
 2003[18] (iiBBB)[1320700, 8000, 0, 0, 0]
 2004[26] (iBB)[1320700, 0, 0]
    ^(4 <- 16, 1)
 2004[27] (iBB)[1320700, 0, 1]
    ^(4 <- 17, 1)
 2004[08] (ii)[1320700, 0]
    ^(4 <- 20, 4)

11325121, 2
    4[08] (biiB)[0, 1320700, 500, 1]
 2003[02] (iB)[11325120, 1]
    4[08] (biiB)[0, 1320700, 600, 1]
 2003[02] (iB)[11325120, 0]
 1000[04] (B)[1]

11320100, 1
 1003[01] (BBBi)[9, 0, 1, 0]
 2004[05] (iB)[1320700, 0]
 2004[05] (iB)[1320701, 0]
 2004[05] (iB)[1320702, 0]
 2004[05] (iB)[1320703, 0]
 2004[05] (iB)[1320704, 0]
 2004[05] (iB)[1320705, 0]
 2004[05] (iB)[1320706, 0]
 2004[05] (iB)[1320707, 0]
 1000[04] (B)[0]
    4[00] (biB)[0, 1320700, 1]
 2003[04] (i)[35300000]

11320101, 0
 1003[02] (BBBi)[0, 1, 0, 11320100]
    3[00] (bBBi)[1, 1, 0, 11325110]
    3[00] (bBBi)[1, 1, 0, 11325111]
    3[00] (bBBi)[1, 1, 0, 11325112]
    3[00] (bBBi)[1, 1, 0, 11325113]
    3[00] (bBBi)[1, 1, 0, 11325114]
    3[00] (bBBi)[1, 1, 0, 11325115]
    3[00] (bBBi)[1, 1, 0, 11325116]
    0[00] (bBb)[0, 1, 1]
 2004[04] (iB)[1320700, 1]

11325150, 1
 1003[02] (BBBi)[0, 1, 2, 0]
 2004[09] (iiiiii)[0, 9000, -1, -1, -1, -1]
    ^(0 <- 0, 4)
    3[03] (bBiif)[-1, 1, 0, 10000, 0.0]
    ^(4 <- 0, 4)
    ^(12 <- 4, 4)
    4[01] (bii)[-1, 0, 10000]
    ^(4 <- 0, 4)
    0[00] (bBb)[0, 1, -1]
 2004[09] (iiiiii)[0, -1, -1, 9060, -1, -1]
    ^(0 <- 0, 4)

11325000, 0
 1003[02] (BBBi)[0, 1, 1, 0]
 2004[09] (iiiiii)[1320800, 9000, -1, -1, -1, -1]
    3[06] (bb)[1, 0]
    3[03] (bBiif)[1, 1, 1320800, 10000, 30.0]
    0[00] (bBb)[0, 1, 1]
 2004[09] (iiiiii)[1320800, -1, -1, 9060, -1, -1]

11320800, 0
 1003[01] (BBBi)[2, 0, 1, 0]
 2004[05] (iB)[1320800, 0]
 1000[04] (B)[0]
    4[00] (biB)[0, 1320800, 1]
 2003[02] (iB)[11320800, 1]

11325001, 1
 2004[05] (iB)[1320801, 0]
 1003[02] (BBBi)[0, 1, 0, 11320800]
 1003[01] (BBBi)[4, 0, 1, 0]
 2004[26] (iBB)[1320800, 0, 0]
 2004[27] (iBB)[1320800, 1, 1]
 2004[17] (iiB)[1320800, 20, 0]
 1000[04] (B)[0]
    4[07] (biB)[0, 1320800, 1]
 2004[22] (ihhiffBB)[1320800, 3451, 1, 200, 1.0, 1.0, 0, 0]
    4[06] (biiib)[1, 1320800, 3451, 0, 5]
    4[02] (bibf)[2, 1320800, 5, 0.0]
    0[00] (bBb)[-1, 1, 1]
    0[00] (bBb)[-1, 1, 2]
    0[00] (bBb)[0, 1, -1]
 1000[08] (BBb)[0, 1, 2]
 2003[18] (iiBBB)[1320800, 8000, 0, 0, 0]
    4[08] (biiB)[0, 1320800, 400, 1]
 2004[05] (iB)[1320801, 1]
 2004[42] (iBiii)[1320801, 2, 1320800, 19, 1320800]
 2003[18] (iiBBB)[1320801, 8100, 0, 0, 0]
 2004[26] (iBB)[1320800, 0, 0]
 2004[27] (iBB)[1320800, 1, 1]
 2004[17] (iiB)[1320800, 20, 0]
 2004[20] (i)[1320800]
    4[03] (bib)[-7, 10000, 0]
    4[03] (bib)[-7, 10000, 8]
 1000[02] (BBb)[0, 0, -7]
 2003[36] (i)[34510000]

11320200, 0
 1003[01] (BBBi)[2, 0, 2, 0]
 2005[03] (iB)[0, 0]
    ^(0 <- 0, 4)
 1000[04] (B)[0]
    5[00] (bBi)[0, 1, 0]
    ^(4 <- 0, 4)
 2003[02] (iB)[0, 1]
    ^(0 <- 4, 4)

11320300, 1
 2004[05] (iB)[0, 0]
    ^(0 <- 0, 4)
 1003[02] (BBBi)[0, 1, 2, 0]
 1003[05] (Bb)[1, 1]
 2003[17] (IIB)[0, 0, 1]
    ^(0 <- 4, 4)
    ^(4 <- 8, 4)
    3[00] (bBBi)[0, 1, 0, 0]
    ^(4 <- 12, 4)
 2004[05] (iB)[0, 1]
    ^(0 <- 0, 4)
    4[00] (biB)[0, 0, 1]
    ^(4 <- 0, 4)
    4[03] (bib)[-7, 10000, 0]
    4[03] (bib)[-7, 10000, 8]
 1000[02] (BBb)[0, 0, -7]
 2003[36] (i)[33000000]
 1000[04] (B)[0]

11320600, 0
 1003[01] (BBBi)[4, 0, 2, 0]
 2005[07] (ii)[0, 0]
    ^(0 <- 0, 4)
 2005[06] (iiB)[0, -1, 0]
    ^(0 <- 0, 4)
 2005[04] (iB)[0, 1]
    ^(0 <- 0, 4)
 1000[04] (B)[0]
    5[02] (bi)[0, 0]
    ^(4 <- 4, 4)
 1001[01] (i)[10]
 2005[04] (iB)[0, 1]
    ^(0 <- 0, 4)

11320510, 0
    4[02] (bibf)[1, 0, 5, 0.8999999761581421]
    ^(4 <- 0, 4)
    4[02] (bibf)[1, 0, 2, 0.0]
    ^(4 <- 0, 4)
    4[01] (bii)[1, 0, 10000]
    ^(4 <- 0, 4)
    3[00] (bBBi)[2, 1, 0, 0]
    ^(4 <- 4, 4)
    3[00] (bBBi)[2, 1, 2, 0]
    3[00] (bBBi)[3, 1, 0, 0]
    ^(4 <- 4, 4)
    3[00] (bBBi)[3, 0, 2, 0]
    0[00] (bBb)[-1, 1, 1]
    0[00] (bBb)[-1, 1, 2]
    0[00] (bBb)[-1, 1, 3]
    0[00] (bBb)[0, 1, -1]
 1000[07] (BBb)[2, 0, 3]
 2004[05] (iB)[0, 0]
    ^(0 <- 0, 4)
    3[00] (bBBi)[0, 1, 0, 703]
 2003[02] (iB)[0, 1]
    ^(0 <- 4, 4)
 2004[02] (iB)[0, 9]
    ^(0 <- 0, 4)
 2000[05] (B)[0]

11320520, 0
 1003[01] (BBBi)[2, 0, 2, 0]
 2004[37] (i)[0]
    ^(0 <- 0, 4)
 1000[04] (B)[0]
    4[02] (bibf)[0, 0, 5, 0.0]
    ^(4 <- 0, 4)
 2003[22] (iiB)[0, 0, 0]
    ^(0 <- 4, 4)
    ^(4 <- 8, 4)
 2003[02] (iB)[0, 1]
    ^(0 <- 12, 4)

11320534, 0
    3[00] (bBBi)[1, 0, 0, 1512]
    3[00] (bBBi)[1, 0, 0, 1547]
    3[00] (bBBi)[1, 0, 0, 1548]
    3[00] (bBBi)[1, 1, 0, 1507]
    3[00] (bBBi)[1, 1, 0, 11410593]
    3[00] (bBBi)[1, 1, 0, 11020606]
    0[00] (bBb)[0, 1, 1]
 2003[22] (iiB)[0, 0, 0]
    ^(0 <- 4, 4)
    ^(4 <- 8, 4)
 2003[02] (iB)[0, 1]
    ^(0 <- 12, 4)
 2004[05] (iB)[0, 1]
    ^(0 <- 0, 4)

11320535, 0
    3[00] (bBBi)[1, 0, 0, 1512]
    3[00] (bBBi)[1, 0, 0, 1547]
    3[00] (bBBi)[1, 1, 0, 1511]
    3[00] (bBBi)[-1, 1, 0, 11320591]
    3[00] (bBBi)[-1, 1, 0, 1548]
    0[00] (bBb)[1, 1, -1]
    4[07] (biB)[1, 0, 0]
    ^(4 <- 0, 4)
    0[00] (bBb)[0, 1, 1]
 2003[22] (iiB)[0, 0, 0]
    ^(0 <- 4, 4)
    ^(4 <- 8, 4)
 2003[02] (iB)[0, 1]
    ^(0 <- 12, 4)
 2004[05] (iB)[0, 0]
    ^(0 <- 0, 4)

11320540, 0
    3[00] (bBBi)[1, 0, 0, 1547]
    3[00] (bBBi)[1, 1, 0, 1545]
    3[00] (bBBi)[1, 1, 0, 11020606]
    3[00] (bBBi)[1, 1, 0, 1511]
    0[00] (bBb)[0, 1, 1]
 2003[22] (iiB)[0, 0, 0]
    ^(0 <- 4, 4)
    ^(4 <- 8, 4)
 2003[02] (iB)[0, 1]
    ^(0 <- 12, 4)
 2004[05] (iB)[0, 1]
    ^(0 <- 0, 4)

11320541, 0
    3[00] (bBBi)[1, 0, 0, 1547]
    3[00] (bBBi)[1, 1, 0, 1546]
    3[00] (bBBi)[1, 1, 0, 11320591]
    4[07] (biB)[1, 0, 0]
    ^(4 <- 0, 4)
    0[00] (bBb)[0, 1, 1]
 2003[22] (iiB)[0, 0, 0]
    ^(0 <- 4, 4)
    ^(4 <- 8, 4)
 2003[02] (iB)[0, 1]
    ^(0 <- 12, 4)
 2004[05] (iB)[0, 0]
    ^(0 <- 0, 4)

11320580, 0
    3[00] (bBBi)[0, 1, 0, 11325030]
 2004[14] (ii)[10000, 1320800]
 2003[18] (iiBBB)[10000, 7910, 0, 1, 0]
 2003[18] (iiBBB)[10000, 7911, 1, 0, 0]
    3[00] (bBBi)[0, 0, 0, 11325030]
 2004[09] (iiiiii)[10000, -1, -1, -1, -1, -1]
 2003[18] (iiBBB)[10000, 7912, 0, 1, 0]
 1000[04] (B)[1]