0, 0
 1003[01] (BBBi)[1, 0, 0, 11800100]
 2009[03] (iiffi)[11800992, 1801960, 2.0, 180.0, 10]
 1003[01] (BBBi)[1, 0, 0, 11800210]
 2009[03] (iiffi)[11800992, 1801960, 2.0, 180.0, 30]
 1003[05] (Bb)[2, 1]
 2005[03] (iB)[1801994, 0]
 2006[01] (iB)[1801995, 0]
 1003[01] (BBBi)[3, 0, 0, 15]
 2005[03] (iB)[1801960, 0]
 2005[03] (iB)[1801110, 0]
 2005[03] (iB)[1801111, 1]
 2000[00] (iII)[0, 11805090, 0]
 2000[00] (iII)[0, 11805091, 0]
 2000[00] (iII)[0, 11805092, 0]
 2000[00] (iII)[0, 20, 0]
 2000[00] (iII)[0, 21, 0]
 2000[00] (iII)[0, 11800100, 0]
 2000[00] (iII)[0, 11800101, 0]
 2000[00] (iII)[0, 11800200, 0]
 2000[00] (iII|II)[0, 11800230, 1, 180005, 1801960]
 2000[00] (iII|II)[1, 11800230, 2, 180006, 1801960]
 2000[00] (iII|II)[2, 11800230, 3, 180007, 1801960]
 2000[00] (iII|II)[3, 11800230, 4, 180008, 1801960]
 2000[00] (iII)[0, 11800210, 0]
 2000[00] (iII)[0, 11800220, 0]
 2000[00] (iII|I)[0, 11806100, 1800100, 1802000]
 2000[00] (iII|I)[1, 11806100, 1800101, 1802001]
 2000[00] (iII|I)[2, 11806100, 1800102, 1802002]
 2000[00] (iII|I)[3, 11806100, 1800103, 1802003]
 2000[00] (iII|I)[4, 11806100, 1800104, 1802004]
 2000[00] (iII|I)[5, 11806100, 1800105, 1802005]

50, 0
 2000[00] (iII)[0, 11800002, 0]
 2010[03] (iB)[1803800, 0]
 1003[01] (BBBi)[4, 0, 0, 15]
 2000[00] (iII)[0, 11805392, 0]
 2005[03] (iB)[1801990, 0]
 2006[01] (iB)[1801991, 0]
 1000[03] (B)[7]
 2000[00] (iII)[0, 11805390, 0]
 2000[00] (iII)[0, 11805391, 0]
 2000[00] (iII)[0, 11805393, 0]
 2000[00] (iII)[0, 11805392, 0]
 2000[00] (iII)[0, 11800001, 0]
 2000[00] (iII)[0, 11805394, 0]
 2000[00] (iII)[0, 11805395, 0]
 2004[45] (ii)[6544, 8310]
 2000[00] (iII)[0, 11805030, 0]
 2000[00] (iII)[0, 11805032, 0]
 2000[00] (iII|II)[0, 11800550, 1000, 1029, 1012]
 2004[12] (iB)[6331, 1]
 1003[01] (BBBi)[1, 1, 0, 830]
 2004[05] (iB)[6331, 0]
 1003[01] (BBBi)[6, 1, 0, 15]
 2000[00] (iII|III)[0, 11800539, 6331, 1640, 1647, 1647]
 2000[00] (iII|III)[0, 11800530, 6331, 1640, 1647, 1644]
 2000[00] (iII|III)[0, 11800531, 6331, 1640, 1647, 1645]
 2000[00] (iII|III)[0, 11800537, 6331, 1640, 1647, 1649]
 2000[00] (iII)[0, 11800541, 6331]
 2000[00] (iII)[0, 11806200, 0]
 2004[12] (iB)[6341, 1]
 1003[01] (BBBi)[1, 1, 0, 831]
 2004[05] (iB)[6341, 0]
 1003[01] (BBBi)[6, 1, 0, 15]
 2000[00] (iII|III)[0, 11800540, 6341, 1670, 1677, 1677]
 2000[00] (iII|III)[0, 11800533, 6341, 1670, 1677, 1673]
 2000[00] (iII|III)[0, 11800534, 6341, 1670, 1677, 1674]
 2000[00] (iII|III)[0, 11800538, 6341, 1670, 1677, 1678]
 2000[00] (iII)[0, 11800542, 6341]
 2000[00] (iII)[0, 11806201, 0]

11805090, 1
 1003[02] (BBBi)[0, 1, 1, 0]
 2004[05] (iB)[1800900, 0]
 2004[05] (iB)[1800901, 0]
 2004[05] (iB)[1800902, 0]
 2004[05] (iB)[1800903, 0]
 2004[05] (iB)[1800904, 0]
    3[00] (bBBi)[0, 1, 0, 11800050]
 1003[02] (BBBi)[0, 1, 0, 735]
 2003[02] (iB)[5000, 1]
 2004[05] (iB)[1800900, 1]
 2004[05] (iB)[1800901, 1]
 2004[05] (iB)[1800902, 1]
 2004[05] (iB)[1800903, 1]
 2004[05] (iB)[1800904, 1]

11805091, 1
    3[00] (bBBi)[-1, 1, 0, 11805095]
    3[00] (bBBi)[-1, 1, 0, 735]
    0[00] (bBb)[0, 1, -1]
 1003[01] (BBBi)[1, 0, 0, 735]
 2003[02] (iB)[735, 0]
 2003[02] (iB)[11800050, 0]
 2003[02] (iB)[11805095, 0]
 2003[02] (iB)[5001, 1]
 2004[04] (iB)[1800900, 0]
 2004[04] (iB)[1800901, 0]
 2004[04] (iB)[1800902, 0]
 2004[04] (iB)[1800903, 0]
 2004[04] (iB)[1800904, 0]

11805092, 1
 1003[06] (Bb)[0, 1]
    3[11] (bBBB)[1, 1, 2, 50]
    3[08] (bBBB)[1, 1, 18, 0]
    0[00] (bBb)[-1, 1, 1]
    3[00] (bBBi)[-1, 1, 0, 11800050]
    0[00] (bBb)[0, 1, -1]
 1001[01] (i)[1]
    3[11] (bBBB)[2, 1, 2, 50]
    3[08] (bBBB)[2, 1, 18, 0]
    0[00] (bBb)[-2, 1, 2]
    3[00] (bBBi)[-2, 1, 0, 11800050]
 1000[02] (BBb)[1, 0, -2]
 1001[01] (i)[1]
    3[11] (bBBB)[3, 1, 2, 50]
    3[08] (bBBB)[3, 1, 18, 0]
    0[00] (bBb)[-3, 1, 3]
    3[00] (bBBi)[-3, 1, 0, 11800050]
 1000[02] (BBb)[1, 0, -3]
 1001[01] (i)[1]
    3[11] (bBBB)[4, 1, 2, 50]
    3[08] (bBBB)[4, 1, 18, 0]
    0[00] (bBb)[-4, 1, 4]
    3[00] (bBBi)[-4, 1, 0, 11800050]
 1000[02] (BBb)[1, 0, -4]
 1001[01] (i)[1]
    3[11] (bBBB)[5, 1, 2, 50]
    3[08] (bBBB)[5, 1, 18, 0]
    0[00] (bBb)[-5, 1, 5]
    3[00] (bBBi)[-5, 1, 0, 11800050]
 1000[02] (BBb)[1, 0, -5]
 1001[01] (i)[1]
    3[11] (bBBB)[6, 1, 2, 50]
    3[08] (bBBB)[6, 1, 18, 0]
    0[00] (bBb)[-6, 1, 6]
    3[00] (bBBi)[-6, 1, 0, 11800050]
 1000[02] (BBb)[1, 0, -6]
 2003[02] (iB)[11800050, 1]
 1001[00] (f)[600.0]
    3[11] (bBBB)[7, 1, 5, 50]
    3[08] (bBBB)[7, 1, 18, 0]
 1000[02] (BBb)[1, 0, 7]
 2003[02] (iB)[11800050, 0]
 2003[02] (iB)[11805095, 1]

11805390, 0
    3[00] (bBBi)[1, 0, 0, 15]
    3[19] (biifhfiBii)[1, 1, 1802998, 0.0, -1, 0.0, 10010403, 48, 0, 1801990]
    0[00] (bBb)[0, 1, 1]
 2004[14] (ii)[10000, 1802997]
 2003[18] (iiBBB)[10000, 7410, 0, 0, 0]
 1000[04] (B)[1]

11805391, 0
    3[00] (bBBi)[1, 0, 0, 15]
    3[00] (bBBi)[1, 1, 0, 11805393]
    4[03] (bib)[1, 10000, 1]
    3[18] (biifhfiBii)[1, 1, 1802998, 0.0, -1, 0.0, 10010403, 255, 0, 1801990]
    0[00] (bBb)[0, 1, 1]
 2004[14] (ii)[10000, 1802997]
 2003[18] (iiBBB)[10000, 7410, 0, 0, 0]
 1000[04] (B)[1]

11805393, 0
 1003[01] (BBBi)[3, 1, 1, 0]
    3[00] (bBBi)[1, 0, 0, 15]
    3[02] (bBii)[1, 1, 10000, 1802996]
    0[00] (bBb)[0, 1, 1]
 1003[05] (Bb)[1, 1]
 2009[06] (B)[0]
 2009[04] (i)[1800800]

11805392, 1
 1003[01] (BBBi)[3, 0, 0, 15]
 2004[05] (iB)[1800800, 0]
 2004[04] (iB)[1800800, 0]
 1000[04] (B)[0]
 2004[01] (iB)[1800800, 0]
    3[00] (bBBi)[1, 1, 0, 11805393]
    3[02] (bBii)[1, 1, 10000, 1802996]
    0[00] (bBb)[0, 1, 1]
 2004[01] (iB)[1800800, 1]
 2003[11] (bihh)[1, 1800800, 0, 5370]

11800001, 0
 2005[03] (iB)[1801111, 0]
 2005[03] (iB)[1801950, 0]
    4[00] (biB)[0, 1800800, 1]
 2003[02] (iB)[15, 1]
 2003[12] (i)[1800800]
 2005[03] (iB)[1801990, 0]
 2006[01] (iB)[1801991, 1]
 1003[05] (Bb)[2, 1]
 2003[23] (i)[1802130]
 2000[05] (B)[0]
 2003[02] (iB)[11807200, 0]
 2003[02] (iB)[11807210, 0]
 2003[02] (iB)[11807220, 0]
 2003[02] (iB)[11807240, 0]
 2005[03] (iB)[1801960, 0]
 2005[03] (iB)[1801110, 0]
 2005[03] (iB)[1801111, 1]
 2006[05] (ii)[1801960, 1]
 2006[03] (iiii)[0, 1801950, -1, 90014]
 1001[00] (f)[2.0]
 2005[03] (iB)[1801950, 1]

20, 0
 1003[06] (Bb)[0, 1]
    3[00] (bBBi)[1, 1, 0, 15]
    3[05] (biifhfiBi)[1, 0, 1801950, 180.0, -1, 1.5, 10010108, 48, 0]
    0[00] (bBb)[0, 1, 1]
 2003[21] (B)[1]
 2002[03] (iIi)[180000, 0, 10000]
 1001[01] (i)[1]
 2003[28] (i)[1]
 2003[02] (iB)[20, 1]

21, 0
 1003[06] (Bb)[0, 1]
    3[00] (bBBi)[1, 1, 0, 15]
    3[02] (bBii)[1, 0, 10000, 1802990]
    3[08] (bBBB)[1, 1, 18, 0]
    0[00] (bBb)[0, 1, 1]
 2003[21] (B)[1]
 2002[03] (iIi)[180001, 0, 10000]
 1001[01] (i)[1]
 2003[28] (i)[2]
 2003[02] (iB)[21, 1]

11805394, 0
 2000[02] (B)[0]
    3[00] (bBBi)[1, 0, 0, 15]
    3[00] (bBBi)[1, 1, 0, 11805392]
 1003[05] (Bb)[1, 0]
    3[00] (bBBi)[1, 1, 0, 11805391]
    3[02] (bBii)[1, 1, 10000, 1802990]
    0[00] (bBb)[0, 1, 1]
 2010[03] (iB)[1803800, 1]

11805395, 0
 2000[02] (B)[0]
    3[00] (bBBi)[1, 1, 0, 15]
    3[00] (bBBi)[1, 1, 0, 11805394]
    0[00] (bBb)[0, 1, 1]
 2010[03] (iB)[1803800, 0]

11800002, 1
    3[00] (bBBi)[0, 1, 0, 15]
 2004[05] (iB)[1800200, 0]
 2004[05] (iB)[1800201, 0]
 2004[05] (iB)[1800202, 0]
 2004[05] (iB)[1800203, 0]
 2004[05] (iB)[1800204, 0]
 2004[05] (iB)[1800900, 0]
 2004[05] (iB)[1800901, 0]
 2004[05] (iB)[1800902, 0]
 2004[05] (iB)[1800903, 0]
 2004[05] (iB)[1800904, 0]
 2004[05] (iB)[1803900, 0]
 2004[05] (iB)[1803901, 0]
 2004[05] (iB)[1803902, 0]
 2004[04] (iB)[1800200, 0]
 2004[04] (iB)[1800201, 0]
 2004[04] (iB)[1800202, 0]
 2004[04] (iB)[1800203, 0]
 2004[04] (iB)[1800204, 0]
 2004[04] (iB)[1800900, 0]
 2004[04] (iB)[1800901, 0]
 2004[04] (iB)[1800902, 0]
 2004[04] (iB)[1800903, 0]
 2004[04] (iB)[1800904, 0]
 2004[04] (iB)[1803900, 0]
 2004[04] (iB)[1803901, 0]
 2004[04] (iB)[1803902, 0]

11800100, 0
 1003[02] (BBBi)[0, 1, 1, 0]
 2005[03] (iB)[1801110, 0]
    3[06] (bb)[1, 0]
    3[04] (bBiB)[1, 3, 2510, 1]
    3[05] (biifhfiBi)[1, 0, 1801960, 180.0, 150, 2.0, 10010105, 48, 0]
    0[00] (bBb)[0, 1, 1]
 2002[03] (iIi)[180015, 0, 10000]
 1001[01] (i)[1]
 2005[03] (iB)[1801110, 1]
 2009[03] (iiffi)[11800992, 1801960, 2.0, 180.0, 10]
 2003[24] (iii)[3, 2510, 0]

11800101, 0
 2000[02] (B)[0]
    3[00] (bBBi)[1, 0, 0, 11800100]
    3[04] (bBiB)[1, 3, 2510, 0]
    3[05] (biifhfiBi)[1, 0, 1801960, 180.0, 150, 2.0, 10010105, 255, 0]
    3[00] (bBBi)[2, 1, 0, 11800100]
    0[00] (bBb)[-1, 1, 1]
    0[00] (bBb)[-1, 1, 2]
    0[00] (bBb)[0, 1, -1]
 1000[08] (BBb)[0, 1, 2]
 2007[01] (ihhif)[10010174, 1, 6, 1801960, 3.0]
 1000[04] (B)[1]

11800200, 0
    3[00] (bBBi)[0, 1, 0, 756]
 2003[18] (iiBBB)[10000, 7697, 0, 0, 0]
 1001[01] (i)[75]
    3[00] (bBBi)[1, 0, 0, 11800201]
    3[04] (bBiB)[1, 3, 2500, 1]
    3[00] (bBBi)[2, 0, 0, 11800202]
    3[04] (bBiB)[2, 3, 2501, 1]
    3[00] (bBBi)[3, 0, 0, 11800203]
    3[04] (bBiB)[3, 3, 2502, 1]
    3[00] (bBBi)[4, 0, 0, 11800204]
    3[04] (bBiB)[4, 3, 2503, 1]
    0[00] (bBb)[-1, 1, 1]
    0[00] (bBb)[-1, 1, 2]
    0[00] (bBb)[-1, 1, 3]
    0[00] (bBb)[-1, 1, 4]
    0[00] (bBb)[0, 1, -1]
 1000[07] (BBb)[2, 0, 1]
 2003[02] (iB)[11800201, 1]
 2003[24] (iii)[3, 2500, 0]
 1000[07] (BBb)[2, 0, 2]
 2003[02] (iB)[11800202, 1]
 2003[24] (iii)[3, 2501, 0]
 1000[07] (BBb)[2, 0, 3]
 2003[02] (iB)[11800203, 1]
 2003[24] (iii)[3, 2502, 0]
 1000[07] (BBb)[2, 0, 4]
 2003[02] (iB)[11800204, 1]
 2003[24] (iii)[3, 2503, 0]
 2003[02] (iB)[11805111, 1]
    3[00] (bBBi)[0, 0, 0, 11805111]
 1001[01] (i)[10]
 1003[02] (BBBi)[0, 1, 0, 11800211]
 2003[02] (iB)[756, 0]
 1000[04] (B)[1]

11800230, 0
    3[00] (bBBi)[1, 1, 0, 11805111]
    3[10] (bBiibi)[1, 0, 11800201, 11800204, 0, 0]
    ^(16 <- 0, 4)
    0[00] (bBb)[0, 1, 1]
 2006[05] (ii)[0, 1]
    ^(0 <- 8, 4)
 2006[04] (iii)[0, 100, 0]
    ^(8 <- 4, 4)
    ^(0 <- 8, 4)
 1001[01] (i)[95]
 1003[03] (BBBii)[1, 0, 0, 11800201, 11800204]
 2003[18] (iiBBB)[10000, 7701, 1, 0, 0]
 2003[02] (iB)[11805111, 0]

11800210, 0
 1003[01] (BBBi)[17, 1, 0, 15]
    3[10] (bBiibi)[2, 0, 11800201, 11800204, 0, 1]
    3[10] (bBiibi)[3, 0, 11800201, 11800204, 0, 2]
    3[10] (bBiibi)[4, 0, 11800201, 11800204, 0, 3]
    3[10] (bBiibi)[5, 0, 11800201, 11800204, 0, 4]
    0[00] (bBb)[-1, 1, 2]
    0[00] (bBb)[-1, 1, 3]
    0[00] (bBb)[-1, 1, 4]
    0[00] (bBb)[-1, 1, 5]
    0[00] (bBb)[0, 1, -1]
 1000[07] (BBb)[1, 0, 2]
 2006[04] (iii)[1801960, 100, 180005]
 1000[07] (BBb)[1, 0, 3]
 2006[04] (iii)[1801960, 100, 180006]
 1000[07] (BBb)[1, 0, 4]
 2006[04] (iii)[1801960, 100, 180007]
 1000[07] (BBb)[1, 0, 5]
 2006[04] (iii)[1801960, 100, 180008]
 1003[01] (BBBi)[2, 0, 1, 0]
 2005[07] (ii)[1801101, 1]
 1000[04] (B)[0]
    3[00] (bBBi)[1, 1, 0, 11800201]
    3[00] (bBBi)[1, 1, 0, 11800202]
    3[00] (bBBi)[1, 1, 0, 11800203]
    3[00] (bBBi)[1, 1, 0, 11800204]
    0[00] (bBb)[0, 1, 1]
 2003[02] (iB)[11800211, 1]
 2003[02] (iB)[756, 0]
 2002[03] (iIi)[180010, 0, 10000]
 1001[01] (i)[1]
 2005[07] (ii)[1801101, 1]
 2009[03] (iiffi)[11800992, 1801960, 2.0, 180.0, 30]

11800220, 0
 2000[02] (B)[0]
    3[00] (bBBi)[1, 0, 0, 11800210]
    3[18] (biifhfiBii)[1, 1, 1802100, 0.0, -1, 0.0, 10010400, 255, 0, 1801101]
    3[00] (bBBi)[2, 1, 0, 11805110]
    0[00] (bBb)[-1, 1, 1]
    0[00] (bBb)[-1, 1, 2]
    0[00] (bBb)[0, 1, -1]
 1000[07] (BBb)[2, 1, 2]
 2007[01] (ihhif)[10010160, 1, 6, 1801101, 3.0]
 1000[03] (B)[2]
 2003[02] (iB)[11805110, 0]
 2007[01] (ihhif)[10010171, 1, 6, 1801960, 3.0]
 1000[04] (B)[1]

11806100, 1
 2000[02] (B)[0]
 1003[01] (BBBi)[3, 1, 2, 0]
 2004[41] (iBii)[0, 1, 0, -1]
    ^(0 <- 0, 4)
    ^(8 <- 4, 4)
 2004[01] (iB)[0, 0]
    ^(0 <- 0, 4)
 2003[18] (iiBBB)[0, 200, 1, 0, 0]
    ^(0 <- 0, 4)
    3[02] (bBii)[0, 1, 0, 1802006]
    ^(4 <- 0, 4)
 2004[41] (iBii)[0, 1, 0, -1]
    ^(0 <- 0, 4)
    ^(8 <- 4, 4)
 1000[04] (B)[1]

11805100, 1
    4[00] (biB)[0, 0, 0]
    ^(4 <- 0, 4)
    4[00] (biB)[0, 0, 1]
    ^(4 <- 0, 4)
    4[03] (bib)[-7, 10000, 0]
    4[03] (bib)[-7, 10000, 8]
 1000[02] (BBb)[0, 0, -7]
 2003[36] (i)[0]
    ^(0 <- 4, 4)

11800510, 0
    4[02] (bibf)[1, 0, 5, 0.8999999761581421]
    ^(4 <- 0, 4)
    4[02] (bibf)[1, 0, 2, 0.0]
    ^(4 <- 0, 4)
    4[01] (bii)[1, 0, 10000]
    ^(4 <- 0, 4)
    3[00] (bBBi)[2, 1, 0, 0]
    ^(4 <- 4, 4)
    3[00] (bBBi)[2, 1, 2, 0]
    3[00] (bBBi)[3, 1, 0, 0]
    ^(4 <- 4, 4)
    3[00] (bBBi)[3, 0, 2, 0]
    0[00] (bBb)[-1, 1, 1]
    0[00] (bBb)[-1, 1, 2]
    0[00] (bBb)[-1, 1, 3]
    0[00] (bBb)[0, 1, -1]
 1000[07] (BBb)[2, 0, 3]
 2004[05] (iB)[0, 0]
    ^(0 <- 0, 4)
    3[00] (bBBi)[0, 1, 0, 703]
 2003[02] (iB)[0, 1]
    ^(0 <- 4, 4)
 2004[02] (iB)[0, 9]
    ^(0 <- 0, 4)
 2000[05] (B)[0]

11800520, 0
 1003[01] (BBBi)[2, 0, 2, 0]
 2004[37] (i)[0]
    ^(0 <- 0, 4)
 1000[04] (B)[0]
    4[02] (bibf)[0, 0, 5, 0.0]
    ^(4 <- 0, 4)
 2003[22] (iiB)[0, 0, 0]
    ^(0 <- 4, 4)
    ^(4 <- 8, 4)
 2003[02] (iB)[0, 1]
    ^(0 <- 12, 4)

11800530, 0
    3[00] (bBBi)[1, 1, 0, 1643]
    3[00] (bBBi)[1, 1, 0, 830]
    3[00] (bBBi)[1, 1, 0, 11800100]
    4[00] (biB)[1, 0, 0]
    ^(4 <- 0, 4)
    0[00] (bBb)[0, 1, 1]
 2003[22] (iiB)[0, 0, 0]
    ^(0 <- 4, 4)
    ^(4 <- 8, 4)
 2003[02] (iB)[0, 1]
    ^(0 <- 12, 4)

11800531, 0
    3[00] (bBBi)[1, 1, 0, 1644]
    3[00] (bBBi)[1, 1, 0, 830]
    3[00] (bBBi)[1, 1, 0, 11800210]
    4[00] (biB)[1, 0, 0]
    ^(4 <- 0, 4)
    0[00] (bBb)[0, 1, 1]
 2003[22] (iiB)[0, 0, 0]
    ^(0 <- 4, 4)
    ^(4 <- 8, 4)
 2003[02] (iB)[0, 1]
    ^(0 <- 12, 4)

11800533, 0
    3[00] (bBBi)[1, 1, 0, 1672]
    3[00] (bBBi)[1, 1, 0, 831]
    3[00] (bBBi)[1, 1, 0, 11800100]
    4[00] (biB)[1, 0, 0]
    ^(4 <- 0, 4)
    0[00] (bBb)[0, 1, 1]
 2003[22] (iiB)[0, 0, 0]
    ^(0 <- 4, 4)
    ^(4 <- 8, 4)
 2003[02] (iB)[0, 1]
    ^(0 <- 12, 4)

11800534, 0
    3[00] (bBBi)[1, 1, 0, 1673]
    3[00] (bBBi)[1, 1, 0, 831]
    3[00] (bBBi)[1, 1, 0, 11800210]
    4[00] (biB)[1, 0, 0]
    ^(4 <- 0, 4)
    0[00] (bBb)[0, 1, 1]
 2003[22] (iiB)[0, 0, 0]
    ^(0 <- 4, 4)
    ^(4 <- 8, 4)
 2003[02] (iB)[0, 1]
    ^(0 <- 12, 4)

11800537, 0
    3[00] (bBBi)[-1, 1, 0, 1642]
    3[00] (bBBi)[-1, 1, 0, 1643]
    0[00] (bBb)[1, 1, -1]
    3[00] (bBBi)[1, 0, 0, 830]
    3[00] (bBBi)[1, 1, 0, 11800100]
    4[00] (biB)[1, 0, 0]
    ^(4 <- 0, 4)
    0[00] (bBb)[0, 1, 1]
 2003[22] (iiB)[0, 0, 0]
    ^(0 <- 4, 4)
    ^(4 <- 8, 4)
 2003[02] (iB)[0, 1]
    ^(0 <- 12, 4)

11800538, 0
    3[00] (bBBi)[-1, 1, 0, 1671]
    3[00] (bBBi)[-1, 1, 0, 1672]
    0[00] (bBb)[1, 1, -1]
    3[00] (bBBi)[1, 0, 0, 831]
    3[00] (bBBi)[1, 1, 0, 11800100]
    4[00] (biB)[1, 0, 0]
    ^(4 <- 0, 4)
    0[00] (bBb)[0, 1, 1]
 2003[22] (iiB)[0, 0, 0]
    ^(0 <- 4, 4)
    ^(4 <- 8, 4)
 2003[02] (iB)[0, 1]
    ^(0 <- 12, 4)

11800539, 0
    3[08] (bBBB)[1, 1, 18, 0]
    3[00] (bBBi)[-7, 1, 0, 11020598]
    4[02] (bibf)[7, 0, 5, 0.8999999761581421]
    ^(4 <- 0, 4)
    4[02] (bibf)[7, 0, 2, 0.0]
    ^(4 <- 0, 4)
    4[01] (bii)[7, 0, 10000]
    ^(4 <- 0, 4)
    3[03] (bBiif)[7, 0, 0, 10000, 15.0]
    ^(4 <- 0, 4)
    0[00] (bBb)[-7, 1, 7]
    0[00] (bBb)[1, 1, -7]
    3[00] (bBBi)[1, 0, 1, 0]
    3[00] (bBBi)[2, 1, 0, 0]
    ^(4 <- 12, 4)
    3[00] (bBBi)[2, 1, 1, 0]
    0[00] (bBb)[-1, 1, 1]
    0[00] (bBb)[-1, 1, 2]
    0[00] (bBb)[0, 1, -1]
 1000[07] (BBb)[3, 1, 2]
 2003[22] (iiB)[0, 0, 0]
    ^(0 <- 4, 4)
    ^(4 <- 8, 4)
 2003[02] (iB)[0, 1]
    ^(0 <- 12, 4)
 2003[18] (iiBBB)[0, 7009, 0, 1, 0]
    ^(0 <- 0, 4)
 2004[05] (iB)[0, 0]
    ^(0 <- 0, 4)

11800540, 0
    3[08] (bBBB)[1, 1, 18, 0]
    3[00] (bBBi)[-7, 1, 0, 11600590]
    4[02] (bibf)[7, 0, 5, 0.8999999761581421]
    ^(4 <- 0, 4)
    4[02] (bibf)[7, 0, 2, 0.0]
    ^(4 <- 0, 4)
    4[01] (bii)[7, 0, 10000]
    ^(4 <- 0, 4)
    3[03] (bBiif)[7, 0, 0, 10000, 15.0]
    ^(4 <- 0, 4)
    0[00] (bBb)[-7, 1, 7]
    0[00] (bBb)[1, 1, -7]
    3[00] (bBBi)[1, 0, 1, 0]
    3[00] (bBBi)[2, 1, 0, 0]
    ^(4 <- 12, 4)
    3[00] (bBBi)[2, 1, 1, 0]
    0[00] (bBb)[-1, 1, 1]
    0[00] (bBb)[-1, 1, 2]
    0[00] (bBb)[0, 1, -1]
 1000[07] (BBb)[3, 1, 2]
 2003[22] (iiB)[0, 0, 0]
    ^(0 <- 4, 4)
    ^(4 <- 8, 4)
 2003[02] (iB)[0, 1]
    ^(0 <- 12, 4)
 2003[18] (iiBBB)[0, 7005, 0, 1, 0]
    ^(0 <- 0, 4)
 2004[05] (iB)[0, 0]
    ^(0 <- 0, 4)

11800541, 0
    3[00] (bBBi)[1, 1, 0, 830]
    3[00] (bBBi)[1, 0, 0, 1647]
    0[00] (bBb)[0, 1, 1]
 2004[05] (iB)[0, 1]
    ^(0 <- 0, 4)
    3[00] (bBBi)[0, 0, 0, 830]
 2004[05] (iB)[0, 0]
    ^(0 <- 0, 4)
 1000[04] (B)[1]

11800542, 0
    3[00] (bBBi)[1, 1, 0, 831]
    3[00] (bBBi)[1, 0, 0, 1676]
    0[00] (bBb)[0, 1, 1]
 2004[05] (iB)[0, 1]
    ^(0 <- 0, 4)
    3[00] (bBBi)[0, 0, 0, 831]
 2004[05] (iB)[0, 0]
    ^(0 <- 0, 4)
 1000[04] (B)[1]

11800550, 0
    3[00] (bBBi)[1, 0, 0, 1004]
    3[00] (bBBi)[1, 1, 0, 1003]
    3[00] (bBBi)[1, 1, 0, 11410595]
    0[00] (bBb)[0, 1, 1]
 2003[22] (iiB)[0, 0, 0]
    ^(0 <- 0, 4)
    ^(4 <- 4, 4)
 2003[02] (iB)[0, 1]
    ^(0 <- 8, 4)

11806200, 0
    3[00] (bBBi)[-1, 1, 0, 1643]
    3[00] (bBBi)[-1, 1, 0, 1644]
    3[00] (bBBi)[-1, 1, 0, 1645]
    0[00] (bBb)[1, 1, -1]
    3[08] (bBBB)[1, 1, 18, 0]
    3[00] (bBBi)[1, 1, 0, 824]
    0[00] (bBb)[0, 1, 1]
 2003[02] (iB)[824, 0]
 2002[04] (iIiBBi)[180050, 0, 1022110, 10, 2, 10000]
 2002[03] (iIi)[100250, 0, 10000]
 1001[01] (i)[1]
 2004[05] (iB)[6331, 0]
 2003[02] (iB)[830, 0]
 1000[04] (B)[1]

11806201, 0
    3[00] (bBBi)[-1, 1, 0, 1672]
    3[00] (bBBi)[-1, 1, 0, 1673]
    3[00] (bBBi)[-1, 1, 0, 1674]
    0[00] (bBb)[1, 1, -1]
    3[08] (bBBB)[1, 1, 18, 0]
    3[00] (bBBi)[1, 1, 0, 825]
    0[00] (bBb)[0, 1, 1]
 2003[02] (iB)[825, 0]
 2002[04] (iIiBBi)[180051, 0, 1602110, 16, 0, 10000]
 2002[03] (iIi)[160050, 0, 10000]
 1001[01] (i)[1]
 2004[05] (iB)[6341, 0]
 2003[02] (iB)[831, 0]
 1000[04] (B)[1]

11805030, 0
 1003[05] (Bb)[1, 1]
 2004[28] (ii)[6544, 4095]
 1003[01] (BBBi)[3, 1, 0, 11805033]
    3[06] (bb)[2, 1]
    3[00] (bBBi)[2, 1, 0, 11805031]
 1000[01] (BBb)[1, 1, 2]
 2004[05] (iB)[6544, 0]
 1003[02] (BBBi)[0, 1, 0, 15]
    3[06] (bb)[1, 0]
    4[03] (bib)[1, 10000, 0]
    3[00] (bBBi)[1, 1, 0, 1012]
    4[07] (biB)[1, 6544, 1]
    3[03] (bBiif)[1, 1, 6544, 10000, 30.0]
    0[00] (bBb)[0, 1, 1]
 2003[25] (iiiii)[0, 6544, 1802050, 11805031, 11805033]

11805032, 0
 1003[02] (BBBi)[0, 1, 1, 0]
    3[00] (bBBi)[1, 1, 0, 11805031]
    3[00] (bBBi)[1, 1, 0, 11805393]
    0[00] (bBb)[0, 1, 1]
 2004[17] (iiB)[6544, 10, 0]
 2004[20] (i)[6544]
    3[03] (bBiif)[0, 1, 6544, 1801990, 1.5]
 2004[14] (ii)[6544, 1802997]
 2003[18] (iiBBB)[6544, 7410, 0, 0, 0]
 2004[17] (iiB)[6544, -1, 0]
 2004[20] (i)[6544]

11805200, 1
 2004[01] (iB)[1800999, 0]
   11[00] (bi)[1, 1803000]
   11[01] (bi)[2, 1803000]
    0[00] (bBb)[-1, 1, 1]
    0[00] (bBb)[-1, 1, 2]
    0[00] (bBb)[0, 1, -1]
 1000[07] (BBb)[2, 1, 2]
 2003[01] (iiBB)[1800999, 1750, 0, 1]
 1000[04] (B)[1]
 2003[01] (iiBB)[1800999, 2000, 0, 1]
 1000[04] (B)[1]