0, 0
 2009[03] (iiffi)[11810992, 1811960, 1.0, 180.0, 0]
 2009[03] (iiffi)[11810984, 1811961, 1.0, 180.0, 0]
 2009[00] (iii)[11810010, 11810011, 1811140]
 2011[01] (iB)[1813121, 0]
 2003[02] (iB)[11810315, 0]
 2003[02] (iB)[11810112, 0]
 2005[06] (iiB)[1811100, -1, 0]
 2005[06] (iiB)[1811101, -1, 0]
 2005[06] (iiB)[1811102, -1, 0]
 1003[07] (BBBB)[4, 0, 18, 1]
 1003[01] (BBBi)[3, 1, 0, 11810002]
 2002[04] (iIiBBi)[180101, 8, 1812011, 18, 1, 10000]
 2003[02] (iB)[11810002, 1]
 2003[23] (i)[1812900]
 2000[00] (iII|III)[0, 11810090, 1811700, 1811701, 1812600, 1812601]
 2000[00] (iII)[0, 11810000, 0]
 2000[00] (iII)[0, 11810150, 0]
 2000[00] (iII)[0, 11810211, 0]
 2000[00] (iII|II)[1, 11810200, 1811210, 1811211, 1811212]
 2000[00] (iII)[0, 11810310, 0]
 2000[00] (iII)[0, 11810311, 0]
 2000[00] (iII)[0, 11810312, 0]
 2000[00] (iII)[0, 11810313, 0]
 2000[00] (iII)[0, 11810120, 0]
 2000[00] (iII)[0, 11810110, 0]
 2000[00] (iII)[0, 11810111, 0]
 2000[00] (iII)[0, 11810450, 0]
 2000[00] (iII)[0, 11810320, 0]
 2000[00] (iII)[0, 11810300, 0]
 2000[00] (iII|I)[0, 11810850, 1810200, 27907000]
 2000[00] (iII|I)[1, 11810850, 1810213, 27907000]
 1003[05] (Bb)[44, 1]
 2000[00] (iII|III)[0, 11810641, 3, 111, 11810601, 51810800]
 2000[00] (iII|III)[1, 11810641, 3, 270, 11810602, 51810810]
 2000[00] (iII|III)[2, 11810641, 3, 271, 11810603, 51810820]
 2000[00] (iII|III)[3, 11810641, 3, 272, 11810604, 51810830]
 2000[00] (iII|III)[4, 11810641, 3, 275, 11810605, 51810840]
 2000[00] (iII|III)[5, 11810641, 3, 293, 11810606, 51810850]
 2000[00] (iII|III)[6, 11810641, 3, 350, 11810607, 51810860]
 2000[00] (iII|III)[7, 11810641, 3, 500, 11810607, 51810860]
 2000[00] (iII|III)[8, 11810641, 3, 370, 11810608, 51810870]
 2000[00] (iII|III)[9, 11810641, 3, 375, 11810609, 51810880]
 2000[00] (iII|III)[10, 11810641, 3, 376, 11810610, 51810890]
 2000[00] (iII|III)[11, 11810641, 3, 380, 11810611, 51810900]
 2000[00] (iII|III)[12, 11810641, 3, 385, 11810612, 51810910]
 2000[00] (iII|III)[13, 11810641, 3, 501, 11810613, 51810920]
 2000[00] (iII|III)[14, 11810641, 0, 1330000, 11810614, 51810930]
 2000[00] (iII|III)[15, 11810641, 0, 1332000, 11810615, 51810940]
 2000[00] (iII|III)[16, 11810641, 0, 1396000, 11810616, 51810950]
 2000[00] (iII|III)[17, 11810641, 1, 190000, 11810617, 51810960]
 2000[00] (iII|III)[18, 11810641, 1, 290000, 11810618, 51810970]
 2000[00] (iII|III)[19, 11810641, 1, 560000, 11810619, 51810980]
 2000[00] (iII|III)[20, 11810641, 2, 130, 11810620, 51810990]
 2000[00] (iII|III)[21, 11810641, 3, 711, 11810621, 51811000]
 2000[00] (iII)[0, 11810600, 0]
 2000[00] (iII|II)[0, 11815110, 11810601, 3000, 51810800]
 2000[00] (iII|II)[1, 11815110, 11810602, 3010, 51810810]
 2000[00] (iII|II)[2, 11815110, 11810603, 3020, 51810820]
 2000[00] (iII|II)[3, 11815110, 11810604, 3030, 51810830]
 2000[00] (iII|II)[4, 11815110, 11810605, 3040, 51810840]
 2000[00] (iII|II)[5, 11815110, 11810606, 3050, 51810850]
 2000[00] (iII|II)[6, 11815110, 11810607, 3060, 51810860]
 2000[00] (iII|II)[7, 11815110, 11810608, 3070, 51810870]
 2000[00] (iII|II)[8, 11815110, 11810609, 3080, 51810880]
 2000[00] (iII|II)[9, 11815110, 11810610, 3090, 51810890]
 2000[00] (iII|II)[10, 11815110, 11810611, 3100, 51810900]
 2000[00] (iII|II)[11, 11815110, 11810612, 3110, 51810910]
 2000[00] (iII|II)[12, 11815110, 11810613, 3120, 51810920]
 2000[00] (iII|II)[13, 11815110, 11810614, 3130, 51810930]
 2000[00] (iII|II)[14, 11815110, 11810615, 3140, 51810940]
 2000[00] (iII|II)[15, 11815110, 11810616, 3150, 51810950]
 2000[00] (iII|II)[16, 11815110, 11810617, 3160, 51810960]
 2000[00] (iII|II)[17, 11815110, 11810618, 3170, 51810970]
 2000[00] (iII|II)[18, 11815110, 11810619, 3180, 51810980]
 2000[00] (iII|II)[19, 11815110, 11810620, 3190, 51810990]
 2000[00] (iII|II)[20, 11815110, 11810621, 3200, 51811000]
 2000[00] (iII|II)[0, 11810100, 11810100, 1811100, 10010869]
 2000[00] (iII|II)[1, 11810100, 11810101, 1811101, 10010869]
 2000[00] (iII|II)[2, 11810100, 11810102, 1811102, 10010869]
 2000[00] (iII|II)[3, 11810100, 11810103, 1811103, 10010869]
 2000[00] (iII|II)[4, 11810100, 11810104, 1811104, 10010875]
 2000[00] (iII|II)[5, 11810100, 11810105, 1811105, 0]
 2000[00] (iII|II)[6, 11810100, 11810106, 1811106, 10010871]
 2000[00] (iII)[0, 11815150, 0]
 2000[00] (iII|IIII)[0, 11810400, 0, 1811601, 1811602, 1811602, 0]
 2000[00] (iII|IIII)[1, 11810400, 1, 1811603, 1811604, 1811604, 0]
 2000[00] (iII|IIII)[2, 11810400, 2, 1811605, 1811606, 1811606, 0]
 2000[00] (iII|IIII)[3, 11810400, 3, 1811607, 1811608, 1811608, 0]
 2000[00] (iII|IIII)[4, 11810400, 4, 1811609, 1811610, 1811610, 0]
 2000[00] (iII|IIII)[5, 11810400, 5, 1811611, 1811612, 1811613, 65536]
 2000[00] (iII|IIII)[6, 11810400, 6, 1811614, 1811615, 1811616, 1]
 2000[00] (iII|IIII)[7, 11810400, 7, 1811617, 1811618, 1811619, 256]
 2000[00] (iII|IIII)[8, 11810400, 8, 1811620, 1811621, 1811622, 16777216]
 2000[00] (iII|IIII)[9, 11810400, 9, 1811623, 1811624, 1811624, 0]
 2010[03] (iB)[1813800, 0]
 1003[01] (BBBi)[2, 1, 0, 11810312]
 2003[02] (iB)[11810310, 0]
 2003[02] (iB)[11810314, 0]
 1003[01] (BBBi)[1, 0, 0, 61810105]
 2005[06] (iiB)[1811111, -1, 0]
 1003[01] (BBBi)[7, 0, 0, 16]
 2000[00] (iII)[0, 11815392, 0]
 2005[03] (iB)[1811990, 0]
 2006[01] (iB)[1811991, 0]
 2005[07] (ii)[1811115, 1]
 2005[07] (ii)[1811111, 1]
 2005[06] (iiB)[1811111, -1, 0]
 1000[03] (B)[6]
 2000[00] (iII)[0, 11815390, 0]
 2000[00] (iII)[0, 11815393, 0]
 2000[00] (iII)[0, 11815392, 0]
 2000[00] (iII)[0, 11810001, 0]
 2000[00] (iII)[0, 11815394, 0]
 2000[00] (iII)[0, 11815395, 0]
 2005[03] (iB)[1811890, 0]
 2006[01] (iB)[1811891, 0]
 2010[03] (iB)[1813801, 0]
 1003[02] (BBBi)[0, 0, 0, 11810000]
 1003[01] (BBBi)[2, 0, 0, 11810900]
 2000[00] (iII)[0, 11815382, 0]
 1000[03] (B)[4]
 2000[00] (iII)[0, 11815382, 0]
 2000[00] (iII)[0, 11810900, 0]
 2000[00] (iII)[0, 11815384, 0]
 2000[00] (iII)[0, 11815385, 0]

50, 0
 1003[05] (Bb)[11, 1]
 1003[01] (BBBi)[10, 1, 0, 705]
    3[17] (bBB)[1, 4, 1]
 1000[01] (BBb)[8, 0, 1]
 2003[02] (iB)[705, 1]
 2003[02] (iB)[50000082, 1]
 2003[23] (i)[1812900]
 2003[02] (iB)[11807200, 0]
 2003[02] (iB)[11807210, 0]
 2003[02] (iB)[11807220, 0]
 2003[02] (iB)[11807240, 0]
 2000[00] (iII)[0, 11810050, 0]
 2000[00] (iII)[0, 11810350, 0]
 2000[00] (iII)[0, 11810220, 0]
 2004[45] (ii)[6023, 8326]
 1003[01] (BBBi)[1, 1, 0, 1061]
 2004[05] (iB)[6024, 0]
 2004[02] (iB)[6024, 9]
 2000[00] (iII|III)[0, 11810520, 6023, 1060, 1074, 1073]
 2000[00] (iII)[0, 11810530, 6023]
 2000[00] (iII|III)[0, 11810531, 6024, 1060, 1074, 1061]
 2000[00] (iII|III)[0, 11810532, 6024, 1060, 1074, 1062]
 2000[00] (iII)[0, 11815010, 0]

11810090, 0
 1003[01] (BBBi)[3, 0, 2, 0]
 2005[03] (iB)[0, 0]
    ^(0 <- 0, 4)
 2006[01] (iB)[0, 0]
    ^(0 <- 4, 4)
 1000[04] (B)[0]
    3[18] (biifhfiBii)[1, 1, 0, 0.0, -1, 0.0, 10010403, 48, 0, 0]
    ^(36 <- 0, 4)
    ^(8 <- 8, 4)
    3[18] (biifhfiBii)[2, 1, 0, 0.0, -1, 0.0, 10010407, 48, 0, 0]
    ^(36 <- 0, 4)
    ^(8 <- 12, 4)
    0[00] (bBb)[-1, 1, 1]
    0[00] (bBb)[-1, 1, 2]
    0[00] (bBb)[0, 1, -1]
 1000[07] (BBb)[2, 1, 2]
 2004[41] (iBii)[10000, 1, 0, -1]
    ^(8 <- 8, 4)
 1000[03] (B)[1]
 2004[41] (iBii)[10000, 1, 0, -1]
    ^(8 <- 12, 4)
 2003[18] (iiBBB)[10000, 7410, 0, 0, 0]
 2005[03] (iB)[0, 0]
    ^(0 <- 0, 4)
 2006[01] (iB)[0, 1]
    ^(0 <- 4, 4)

11815090, 1
 2004[05] (iB)[1810900, 0]
    3[00] (bBBi)[0, 1, 0, 11810000]
    3[11] (bBBB)[-1, 1, 2, 50]
    3[00] (bBBi)[-1, 1, 0, 11815090]
    0[00] (bBb)[0, 1, -1]
 2003[02] (iB)[11815090, 1]
 2004[05] (iB)[1810900, 1]
    3[11] (bBBB)[0, 1, 5, 50]
 2004[04] (iB)[1810900, 0]

11815390, 0
    3[00] (bBBi)[1, 0, 0, 16]
    3[18] (biifhfiBii)[1, 1, 1812998, 0.0, -1, 0.0, 10010403, 48, 0, 1811990]
    0[00] (bBb)[0, 1, 1]
 2004[41] (iBii)[1810800, 1, 1812301, -1]
 2004[14] (ii)[10000, 1812997]
 2003[18] (iiBBB)[10000, 7410, 0, 0, 0]
 2003[26] (iB)[1813210, 0]
 2003[18] (iiBBB)[1811115, 3, 0, 0, 0]
 1003[01] (BBBi)[1, 0, 0, 11810112]
 2003[18] (iiBBB)[1811111, 3, 0, 0, 0]
 1000[04] (B)[1]

11815393, 0
 1003[01] (BBBi)[5, 1, 1, 0]
    3[00] (bBBi)[1, 0, 0, 16]
    3[02] (bBii)[-1, 1, 10000, 1812996]
    3[02] (bBii)[-1, 1, 10000, 1812350]
    0[00] (bBb)[1, 1, -1]
    0[00] (bBb)[0, 1, 1]
 1003[05] (Bb)[1, 1]
 2009[06] (B)[0]
 2009[04] (i)[1810800]

11815392, 1
 1003[01] (BBBi)[3, 0, 0, 16]
 2004[05] (iB)[1810800, 0]
 2004[04] (iB)[1810800, 0]
 1000[04] (B)[0]
    3[00] (bBBi)[1, 0, 0, 11810310]
    3[02] (bBii)[1, 1, 10000, 1812996]
    3[00] (bBBi)[2, 1, 0, 11810310]
    3[02] (bBii)[2, 1, 10000, 1812990]
    3[00] (bBBi)[3, 1, 0, 11815393]
    0[00] (bBb)[-1, 1, 1]
    0[00] (bBb)[-1, 1, 2]
    0[00] (bBb)[-1, 1, 3]
    0[00] (bBb)[0, 1, -1]
 2004[01] (iB)[1810800, 1]

11810001, 0
    4[02] (bibf)[0, 1810800, 5, 0.0]
 2010[02] (iii)[1810800, 5, 777777777]
    4[00] (biB)[0, 1810800, 1]
 2003[02] (iB)[16, 1]
 2003[12] (i)[1810800]
 2005[03] (iB)[1811990, 0]
 2006[01] (iB)[1811991, 1]
 2003[18] (iiBBB)[1811111, 1, 0, 0, 0]
 1003[01] (BBBi)[1, 0, 0, 11810312]
 2003[18] (iiBBB)[1811115, 1, 0, 0, 0]
 2005[06] (iiB)[1811111, -1, 0]

11815394, 0
 2000[02] (B)[0]
    3[00] (bBBi)[0, 0, 0, 11815396]
    3[00] (bBBi)[1, 0, 0, 16]
    3[00] (bBBi)[1, 1, 0, 11810310]
    3[00] (bBBi)[1, 1, 0, 11815392]
    3[02] (bBii)[-1, 1, 10000, 1812990]
    3[02] (bBii)[-1, 1, 10000, 1812350]
    0[00] (bBb)[1, 1, -1]
    0[00] (bBb)[0, 1, 1]
 2003[02] (iB)[11815396, 1]
 2010[03] (iB)[1813800, 1]
 2003[11] (bihh)[1, 1810800, 0, 2232]
 1000[04] (B)[1]

11815395, 0
 2000[02] (B)[0]
    3[00] (bBBi)[0, 1, 0, 11815396]
    3[00] (bBBi)[1, 0, 0, 11815390]
    3[02] (bBii)[1, 0, 10000, 1812990]
    4[00] (biB)[2, 1810800, 1]
    0[00] (bBb)[-1, 1, 1]
    0[00] (bBb)[-1, 1, 2]
    0[00] (bBb)[0, 1, -1]
 2003[02] (iB)[11815396, 0]
 2010[03] (iB)[1813800, 0]
 2003[11] (bihh)[0, 1810800, 0, 2232]
 1000[04] (B)[1]

11810310, 1
 1003[02] (BBBi)[0, 1, 0, 11810314]
 1003[02] (BBBi)[0, 1, 1, 0]
 1003[02] (BBBi)[0, 1, 0, 16]
 2005[03] (iB)[1811990, 0]
 2006[01] (iB)[1811991, 0]
 2004[30] (iB)[1810800, 0]
 2004[01] (iB)[1810800, 0]
 2004[09] (iiiiii)[1810800, 9000, -1, -1, -1, -1]
 2004[41] (iBii)[1810800, 1, 1812305, -1]
    3[02] (bBii)[0, 1, 10000, 1812996]
 2003[02] (iB)[11810314, 1]
 2004[08] (ii)[1810800, 4160]
 2004[09] (iiiiii)[1810800, -1, -1, -1, -1, -1]
 2003[18] (iiBBB)[1810800, 9060, 0, 1, 0]
 2004[21] (ii)[1810800, 4160]
 2004[13] (ii)[1810800, 1812300]
 2005[03] (iB)[1811990, 1]
 2006[02] (i)[1811991]

11810311, 0
    3[00] (bBBi)[1, 0, 0, 16]
    3[00] (bBBi)[1, 0, 0, 11815390]
    3[00] (bBBi)[1, 0, 0, 11810315]
    3[02] (bBii)[1, 1, 10000, 1812996]
    0[00] (bBb)[0, 1, 1]
 2003[02] (iB)[11810315, 1]
 2003[02] (iB)[11810112, 0]
 2003[18] (iiBBB)[1811111, 3, 0, 0, 0]
 2003[18] (iiBBB)[1811115, 1, 0, 1, 0]

11810312, 0
    3[00] (bBBi)[1, 0, 0, 16]
    3[00] (bBBi)[1, 1, 0, 11810315]
   11[02] (bi)[1, 1813120]
    0[00] (bBb)[0, 1, 1]
 2003[02] (iB)[11810315, 0]
 2003[02] (iB)[11810312, 1]
 2005[06] (iiB)[1811111, -1, 0]
 2003[23] (i)[1812961]
 2000[05] (B)[0]
 2011[01] (iB)[1813121, 1]
 2003[18] (iiBBB)[1811115, 3, 0, 1, 0]
 2011[01] (iB)[1813121, 0]

11810313, 0
 2000[02] (B)[0]
    3[00] (bBBi)[1, 0, 0, 16]
    3[00] (bBBi)[1, 1, 0, 11810312]
    3[00] (bBBi)[1, 1, 0, 61810105]
    3[05] (biifhfiBi)[1, 0, 1811111, 60.0, 100, 1.5, 10010400, 48, 0]
    0[00] (bBb)[0, 1, 1]
 2007[01] (ihhif)[10010160, 0, 6, 1811111, 3.0]
 1000[04] (B)[1]

11815380, 0
    3[00] (bBBi)[1, 0, 0, 11810900]
    3[19] (biifhfiBii)[1, 1, 1812898, 0.0, -1, 0.0, 10010403, 48, 0, 0]
    0[00] (bBb)[0, 1, 1]
 1003[05] (Bb)[1, 1]
 2009[06] (B)[0]
 2004[14] (ii)[10000, 1812897]
 2003[18] (iiBBB)[10000, 7410, 0, 1, 0]
 2009[04] (i)[1810810]
 1000[04] (B)[1]

11815382, 1
 1003[01] (BBBi)[4, 0, 0, 11810900]
 2004[05] (iB)[1810810, 0]
 2004[04] (iB)[1810810, 0]
 2009[00] (iii)[11810012, 11810013, 1811141]
 1000[04] (B)[0]
 2004[01] (iB)[1810810, 0]
 2004[15] (iB)[1810810, 1]
 2004[30] (iB)[1810810, 0]
    3[02] (bBii)[0, 1, 10000, 1812896]
 2004[01] (iB)[1810810, 1]
 2004[15] (iB)[1810810, 0]
 2003[11] (bihh)[1, 1810810, 0, 2231]
 2005[03] (iB)[1811890, 1]
 2006[02] (i)[1811891]

11810900, 0
    4[00] (biB)[0, 1810810, 1]
 2003[12] (i)[1810810]
 2005[03] (iB)[1811890, 0]
 2006[01] (iB)[1811891, 1]
 2009[00] (iii)[11810012, 11810013, 1811141]

11815384, 0
 2000[02] (B)[0]
    3[00] (bBBi)[1, 1, 0, 16]
    3[00] (bBBi)[1, 1, 0, 11815382]
    3[02] (bBii)[1, 1, 10000, 1812890]
    0[00] (bBb)[0, 1, 1]
 2010[03] (iB)[1813801, 1]

11815385, 0
 2000[02] (B)[0]
    3[00] (bBBi)[1, 1, 0, 11815384]
    3[00] (bBBi)[1, 1, 0, 11810900]
    0[00] (bBb)[0, 1, 1]
 2010[03] (iB)[1813801, 0]

11810000, 0
 1003[02] (BBBi)[0, 1, 1, 0]
    3[02] (bBii)[0, 1, 10000, 1812000]
 2004[29] (iB)[1810800, 1]
 2000[04] (I)[0]
 1001[01] (i)[1]
 2002[03] (iIi)[180125, 0, 10000]
 2002[04] (iIiBBi)[100225, 0, 1022100, 10, 2, 10000]
 1001[01] (i)[1]
 1003[01] (BBBi)[1, 1, 0, 16]
 2004[29] (iB)[1810800, 0]
 2003[02] (iB)[11810000, 1]
 2003[23] (i)[1022960]
 2000[05] (B)[0]
 2003[28] (i)[28]

11810150, 0
 1003[01] (BBBi)[3, 1, 0, 11810000]
 2005[03] (iB)[1811300, 0]
    3[00] (bBBi)[0, 1, 0, 11810000]
 2005[03] (iB)[1811300, 1]
    3[05] (biifhfiBi)[0, 1, 1812001, 0.0, -1, 0.0, 10010506, 255, 0]
 2004[09] (iiiiii)[10000, 7816, -1, -1, -1, -1]
 2003[18] (iiBBB)[10000, 7815, 0, 1, 0]
 1003[05] (Bb)[6, 2]
 2004[09] (iiiiii)[10000, -1, -1, -1, -1, -1]
 2002[04] (iIiBBi)[180126, 0, 1022121, 10, 2, 10000]
 2002[03] (iIi)[100226, 0, 10000]
 1001[01] (i)[1]
 2003[28] (i)[28]
 1000[04] (B)[1]
    3[05] (biifhfiBi)[1, 1, 1812001, 0.0, -1, 0.0, 10010507, 255, 0]
    3[02] (bBii)[2, 0, 10000, 1812001]
    0[00] (bBb)[-1, 1, 1]
    0[00] (bBb)[-1, 1, 2]
    0[00] (bBb)[0, 1, -1]
 2004[09] (iiiiii)[10000, -1, -1, -1, -1, -1]
 1000[07] (BBb)[1, 1, 2]
 2003[18] (iiBBB)[10000, 7817, 0, 1, 0]
 1000[04] (B)[1]

11810100, 0
 1003[01] (BBBi)[5, 0, 2, 0]
 2005[14] (iiiB)[0, -1, 0, 0]
    ^(0 <- 4, 4)
 2005[14] (iiiB)[0, -1, 1, 0]
    ^(0 <- 4, 4)
 2005[14] (iiiB)[0, -1, 2, 0]
    ^(0 <- 4, 4)
 2005[14] (iiiB)[0, -1, 3, 0]
    ^(0 <- 4, 4)
 1000[04] (B)[0]
 1003[05] (Bb)[4, 1]
    5[02] (bi)[0, 0]
    ^(4 <- 0, 4)
 2003[02] (iB)[0, 1]
    ^(0 <- 0, 4)
 1000[05] (Bbii)[1, 0, 0, 0]
    ^(4 <- 8, 4)
 2007[01] (ihhif)[0, 0, 6, -1, 3.0]
    ^(8 <- 4, 4)
    ^(0 <- 8, 4)
 2000[02] (B)[0]
 1001[00] (f)[2.0]
 2005[14] (iiiB)[0, -1, 0, 0]
    ^(0 <- 4, 4)
 2005[14] (iiiB)[0, -1, 1, 0]
    ^(0 <- 4, 4)
 2005[14] (iiiB)[0, -1, 2, 0]
    ^(0 <- 4, 4)
 2005[14] (iiiB)[0, -1, 3, 0]
    ^(0 <- 4, 4)

11810120, 0
 2000[02] (B)[0]
    3[02] (bBii)[1, 1, 10000, 1812020]
    3[00] (bBBi)[2, 1, 0, 11810105]
    3[02] (bBii)[2, 1, 10000, 1812021]
    0[00] (bBb)[-1, 1, 1]
    0[00] (bBb)[-1, 1, 2]
    0[00] (bBb)[0, 1, -1]
 2004[08] (ii)[10000, 4150]
 1001[00] (f)[3.0]
 1000[04] (B)[1]

11810110, 0
 1003[01] (BBBi)[3, 0, 1, 0]
 2005[06] (iiB)[1811110, -1, 0]
 2005[07] (ii)[1811110, 1]
 1000[04] (B)[0]
    5[02] (bi)[0, 11810110]
 2003[02] (iB)[11810110, 1]
 1003[06] (Bb)[0, 1]
 2007[01] (ihhif)[10010870, 0, 6, 1811110, 3.0]

11810111, 0
    5[02] (bi)[0, 11810111]
 2003[02] (iB)[11810112, 1]
 1000[04] (B)[1]

11810211, 0
 1003[01] (BBBi)[3, 0, 1, 0]
 2005[03] (iB)[1811215, 0]
 2005[07] (ii)[1811216, 0]
 1000[04] (B)[0]
 2005[03] (iB)[1811216, 0]
 2005[03] (iB)[1811217, 0]
    3[02] (bBii)[0, 1, 10000, 1812120]
 2005[09] (iiiiifff)[11810212, 1811215, 1, 5110, 1, 0.800000011920929, 2.5, 0.0]
 2003[18] (iiBBB)[1811215, 0, 0, 1, 0]
 2005[03] (iB)[1811215, 0]
 2005[03] (iB)[1811216, 1]
 2005[07] (ii)[1811216, 0]
 2005[03] (iB)[1811217, 1]

11810200, 0
 1003[01] (BBBi)[4, 0, 2, 0]
 2005[03] (iB)[0, 0]
    ^(0 <- 0, 4)
 2005[03] (iB)[0, 0]
    ^(0 <- 4, 4)
 2005[03] (iB)[0, 0]
    ^(0 <- 8, 4)
 1000[04] (B)[0]
 2005[03] (iB)[0, 0]
    ^(0 <- 4, 4)
    5[00] (bBi)[0, 1, 0]
    ^(4 <- 0, 4)
 2005[03] (iB)[0, 0]
    ^(0 <- 0, 4)
 2005[03] (iB)[0, 1]
    ^(0 <- 4, 4)
 2005[01] (ib)[0, 1]
    ^(0 <- 4, 4)
 2005[03] (iB)[0, 0]
    ^(0 <- 8, 4)

11810400, 0
    4[11] (bB)[1, 0]
    ^(1 <- 0, 1)
 1000[02] (BBb)[0, 0, 1]
 2003[26] (iB)[1813200, 0]
 2003[26] (iB)[1813201, 0]
 2003[26] (iB)[1813202, 0]
 2003[26] (iB)[1813203, 0]
 2003[26] (iB)[1813204, 0]
 2005[04] (iB)[1811601, 0]
 2005[04] (iB)[1811602, 0]
 2005[04] (iB)[1811603, 0]
 2005[04] (iB)[1811604, 0]
 2005[04] (iB)[1811605, 0]
 2005[04] (iB)[1811606, 0]
 2005[04] (iB)[1811607, 0]
 2005[04] (iB)[1811608, 0]
 2005[04] (iB)[1811609, 0]
 2005[04] (iB)[1811610, 0]
 2005[04] (iB)[1811611, 0]
 2005[04] (iB)[1811612, 0]
 2005[04] (iB)[1811613, 0]
 2005[04] (iB)[1811614, 0]
 2005[04] (iB)[1811615, 0]
 2005[04] (iB)[1811616, 0]
 2005[04] (iB)[1811617, 0]
 2005[04] (iB)[1811618, 0]
 2005[04] (iB)[1811619, 0]
 2005[04] (iB)[1811620, 0]
 2005[04] (iB)[1811621, 0]
 2005[04] (iB)[1811622, 0]
 2005[04] (iB)[1811623, 0]
 2005[04] (iB)[1811624, 0]
 2005[03] (iB)[1811601, 0]
 2005[03] (iB)[1811602, 0]
 2005[03] (iB)[1811603, 0]
 2005[03] (iB)[1811604, 0]
 2005[03] (iB)[1811605, 0]
 2005[03] (iB)[1811606, 0]
 2005[03] (iB)[1811607, 0]
 2005[03] (iB)[1811608, 0]
 2005[03] (iB)[1811609, 0]
 2005[03] (iB)[1811610, 0]
 2005[03] (iB)[1811611, 0]
 2005[03] (iB)[1811612, 0]
 2005[03] (iB)[1811613, 0]
 2005[03] (iB)[1811614, 0]
 2005[03] (iB)[1811615, 0]
 2005[03] (iB)[1811616, 0]
 2005[03] (iB)[1811617, 0]
 2005[03] (iB)[1811618, 0]
 2005[03] (iB)[1811619, 0]
 2005[03] (iB)[1811620, 0]
 2005[03] (iB)[1811621, 0]
 2005[03] (iB)[1811622, 0]
 2005[03] (iB)[1811623, 0]
 2005[03] (iB)[1811624, 0]
 2003[26] (iB)[1813200, 0]
    ^(4 <- 16, 1)
 2003[26] (iB)[1813201, 0]
    ^(4 <- 17, 1)
 2003[26] (iB)[1813202, 0]
    ^(4 <- 18, 1)
 2003[26] (iB)[1813203, 0]
    ^(4 <- 18, 1)
 2003[26] (iB)[1813204, 0]
    ^(4 <- 19, 1)
 2005[03] (iB)[0, 1]
    ^(0 <- 4, 4)
 2005[03] (iB)[0, 1]
    ^(0 <- 8, 4)
 2005[03] (iB)[0, 1]
    ^(0 <- 12, 4)
 2005[04] (iB)[0, 1]
    ^(0 <- 4, 4)
 2005[04] (iB)[0, 1]
    ^(0 <- 8, 4)
 2005[04] (iB)[0, 1]
    ^(0 <- 12, 4)

11810450, 0
 1003[02] (BBBi)[0, 1, 1, 0]
 2003[26] (iB)[1813220, 0]
 2003[26] (iB)[1813221, 0]
    3[00] (bBBi)[-1, 1, 0, 11810590]
    3[00] (bBBi)[-1, 1, 0, 50000082]
    0[00] (bBb)[0, 1, -1]
 2003[26] (iB)[1813220, 1]
 2003[26] (iB)[1813221, 1]

11810220, 0
 1003[01] (BBBi)[4, 0, 1, 0]
 2003[02] (iB)[11810220, 0]
 2005[02] (i)[1811200]
 2005[02] (i)[1811201]
 2005[02] (i)[1811202]
 2005[03] (iB)[1811201, 0]
    3[00] (bBBi)[1, 1, 0, 11810000]
    3[06] (bb)[1, 0]
    3[02] (bBii)[1, 1, 10000, 1812400]
    0[00] (bBb)[0, 1, 1]
 2003[02] (iB)[11810220, 1]
 2005[03] (iB)[1811200, 0]
 2005[03] (iB)[1811201, 1]
 2005[01] (ib)[1811201, 1]
 2005[03] (iB)[1811202, 0]
 2010[02] (iii)[1811200, 3, 851000000]
 2006[03] (iiii)[0, 1811200, -1, 180100]

11810320, 0
 1003[02] (BBBi)[0, 1, 0, 11810000]
 2004[15] (iB)[1810810, 1]
    4[07] (biB)[0, 1810810, 1]
 2004[17] (iiB)[1810810, 10, 0]
    3[00] (bBBi)[0, 1, 0, 11810000]
 2004[15] (iB)[1810810, 0]
    4[07] (biB)[0, 1810810, 1]
 2004[17] (iiB)[1810810, -1, 0]

11810300, 0
 1003[06] (Bb)[0, 1]
 1003[02] (BBBi)[0, 1, 1, 0]
 1003[02] (BBBi)[0, 1, 0, 16]
 1003[01] (BBBi)[3, 1, 0, 11810301]
 2003[02] (iB)[50000081, 1]
 2003[02] (iB)[50001661, 1]
 2003[02] (iB)[11810301, 1]
    3[00] (bBBi)[1, 0, 0, 16]
    3[00] (bBBi)[1, 0, 0, 11810090]
    4[02] (bibf)[1, 1810800, 5, 0.0]
    0[00] (bBb)[0, 1, 1]
 2003[02] (iB)[50000081, 0]
 2003[02] (iB)[50001661, 0]
 2003[02] (iB)[50001660, 1]

11810850, 1
 1003[01] (BBBi)[3, 0, 2, 0]
 2004[05] (iB)[0, 0]
    ^(0 <- 0, 4)
 2004[04] (iB)[0, 0]
    ^(0 <- 0, 4)
 1000[04] (B)[0]
    4[00] (biB)[0, 0, 1]
    ^(4 <- 0, 4)
 1000[06] (Bbii)[0, 0, 0, 0]
    ^(4 <- 4, 4)
    4[03] (bib)[-7, 10000, 0]
    4[03] (bib)[-7, 10000, 8]
 1000[02] (BBb)[0, 0, -7]
 2003[36] (i)[0]
    ^(0 <- 4, 4)

11810350, 1
 1003[01] (BBBi)[32, 1, 0, 11810000]
 2005[03] (iB)[1811650, 0]
 2004[05] (iB)[1810200, 0]
 2004[05] (iB)[1810201, 0]
 2004[05] (iB)[1810202, 0]
 2004[05] (iB)[1810203, 0]
 2004[05] (iB)[1810204, 0]
 2004[05] (iB)[1810205, 0]
 2004[05] (iB)[1810206, 0]
 2004[05] (iB)[1810207, 0]
 2004[05] (iB)[1810208, 0]
 2004[05] (iB)[1810209, 0]
 2004[05] (iB)[1810210, 0]
 2004[05] (iB)[1810211, 0]
 2004[05] (iB)[1810212, 0]
 2004[05] (iB)[1810213, 0]
    3[00] (bBBi)[0, 1, 0, 11810000]
 2003[02] (iB)[11810211, 0]
 2004[05] (iB)[1810200, 1]
 2004[05] (iB)[1810201, 1]
 2004[05] (iB)[1810202, 1]
 2004[05] (iB)[1810203, 1]
 2004[05] (iB)[1810204, 1]
 2004[05] (iB)[1810205, 1]
 2004[05] (iB)[1810206, 1]
 2004[05] (iB)[1810207, 1]
 2004[05] (iB)[1810208, 1]
 2004[05] (iB)[1810209, 1]
 2004[05] (iB)[1810210, 1]
 2004[05] (iB)[1810211, 1]
 2004[05] (iB)[1810212, 1]
 2004[05] (iB)[1810213, 1]
 2005[03] (iB)[1811650, 1]
 2005[04] (iB)[1811650, 1]
 2005[03] (iB)[1811600, 0]
 2004[05] (iB)[1810101, 0]
 2004[05] (iB)[1810102, 0]
 2004[05] (iB)[1810103, 0]
 2004[05] (iB)[1810104, 0]
 2004[05] (iB)[1810106, 0]
 2004[05] (iB)[1810107, 0]
 2004[05] (iB)[1810108, 0]
 2004[05] (iB)[1810110, 0]
 2004[05] (iB)[1810111, 0]
 2004[05] (iB)[1810112, 0]
 2004[05] (iB)[1810113, 0]

11810600, 0
    3[00] (bBBi)[1, 1, 0, 11815200]
    3[00] (bBBi)[2, 1, 0, 11815201]
    3[00] (bBBi)[3, 1, 0, 11815202]
    0[00] (bBb)[-1, 1, 1]
    0[00] (bBb)[-1, 1, 2]
    0[00] (bBb)[-1, 1, 3]
    0[00] (bBb)[0, 1, -1]
 1000[07] (BBb)[5, 0, 1]
 2003[02] (iB)[11815100, 1]
 2003[02] (iB)[11815101, 0]
 2003[02] (iB)[11815102, 0]
 2003[22] (iiB)[11815200, 11815202, 0]
 1000[04] (B)[1]
 1000[07] (BBb)[6, 0, 3]
 2003[02] (iB)[11815100, 0]
 2003[02] (iB)[11815101, 0]
 2003[02] (iB)[11815102, 1]
 2003[02] (iB)[71810093, 0]
 2003[22] (iiB)[11815200, 11815202, 0]
 1000[04] (B)[1]
 2003[02] (iB)[11815100, 0]
 2003[02] (iB)[11815101, 1]
 2003[02] (iB)[11815102, 0]
 2003[02] (iB)[71810092, 0]
 2003[22] (iiB)[11815200, 11815202, 0]
 1000[04] (B)[1]

11810641, 0
    3[14] (bi)[0, 1812200]
    3[15] (bii)[2, 0, 0]
    ^(4 <- 0, 4)
    ^(8 <- 4, 4)
 1000[01] (BBb)[2, 1, 2]
 2003[02] (iB)[11815201, 1]
 1000[04] (B)[1]
 1003[01] (BBBi)[3, 1, 0, 0]
    ^(4 <- 12, 4)
 2003[02] (iB)[11815200, 1]
 2003[33] (i)[0]
    ^(0 <- 8, 4)
 1000[04] (B)[1]
 2003[02] (iB)[11815202, 1]
 1000[04] (B)[1]

11815110, 0
 1003[02] (BBBi)[0, 0, 0, 0]
    ^(4 <- 0, 4)
 1003[02] (BBBi)[0, 1, 0, 0]
    ^(4 <- 8, 4)
 1001[01] (i)[1]
 2003[34] (iiii)[0, 1812201, 0, 1813102]
    ^(8 <- 0, 4)
    ^(0 <- 4, 4)

11815150, 0
    1[00] (bf)[0, 1.0]
 2003[02] (iB)[11815151, 1]

11810050, 0
    4[12] (bB)[1, 8]
 1000[02] (BBb)[0, 0, 1]
 2003[02] (iB)[71510036, 1]
 2003[02] (iB)[71510037, 1]

11810510, 0
    4[02] (bibf)[1, 0, 5, 0.8999999761581421]
    ^(4 <- 0, 4)
    4[02] (bibf)[1, 0, 2, 0.0]
    ^(4 <- 0, 4)
    4[01] (bii)[1, 0, 10000]
    ^(4 <- 0, 4)
    3[00] (bBBi)[2, 1, 0, 0]
    ^(4 <- 4, 4)
    3[00] (bBBi)[2, 1, 2, 0]
    3[00] (bBBi)[3, 1, 0, 0]
    ^(4 <- 4, 4)
    3[00] (bBBi)[3, 0, 2, 0]
    0[00] (bBb)[-1, 1, 1]
    0[00] (bBb)[-1, 1, 2]
    0[00] (bBb)[-1, 1, 3]
    0[00] (bBb)[0, 1, -1]
 1000[07] (BBb)[2, 0, 3]
 2004[05] (iB)[0, 0]
    ^(0 <- 0, 4)
    3[00] (bBBi)[0, 1, 0, 703]
 2003[02] (iB)[0, 1]
    ^(0 <- 4, 4)
 2004[02] (iB)[0, 9]
    ^(0 <- 0, 4)
 2000[05] (B)[0]

11810520, 0
 1003[01] (BBBi)[2, 0, 2, 0]
 2004[37] (i)[0]
    ^(0 <- 0, 4)
 1000[04] (B)[0]
    4[02] (bibf)[0, 0, 5, 0.0]
    ^(4 <- 0, 4)
 2003[22] (iiB)[0, 0, 0]
    ^(0 <- 4, 4)
    ^(4 <- 8, 4)
 2003[02] (iB)[0, 1]
    ^(0 <- 12, 4)

11810530, 0
    3[00] (bBBi)[1, 1, 0, 1060]
    3[00] (bBBi)[-2, 1, 0, 11810590]
    3[00] (bBBi)[-2, 1, 0, 11810591]
    3[00] (bBBi)[-2, 1, 0, 11810592]
    0[00] (bBb)[1, 1, -2]
    3[02] (bBii)[-3, 1, 10000, 1812121]
    3[02] (bBii)[-3, 1, 10000, 1812990]
    0[00] (bBb)[1, 1, -3]
    3[00] (bBBi)[1, 0, 1, 0]
    3[00] (bBBi)[2, 1, 1, 0]
    0[00] (bBb)[-1, 1, 1]
    0[00] (bBb)[-1, 1, 2]
    0[00] (bBb)[0, 1, -1]
 1000[08] (BBb)[0, 1, 2]
 2004[04] (iB)[0, 1]
    ^(0 <- 0, 4)

11810531, 0
    3[00] (bBBi)[1, 1, 0, 1073]
    3[00] (bBBi)[1, 1, 0, 11810000]
    0[00] (bBb)[0, 1, 1]
 2003[22] (iiB)[0, 0, 0]
    ^(0 <- 4, 4)
    ^(4 <- 8, 4)
 2003[02] (iB)[0, 1]
    ^(0 <- 12, 4)
 2004[05] (iB)[0, 1]
    ^(0 <- 0, 4)

11810532, 0
 1003[01] (BBBi)[2, 0, 1, 0]
 2004[37] (i)[0]
    ^(0 <- 0, 4)
 1000[04] (B)[0]
    3[00] (bBBi)[1, 1, 0, 1061]
    4[02] (bibf)[1, 0, 5, 0.0]
    ^(4 <- 0, 4)
    3[08] (bBBB)[1, 1, 18, 1]
    0[00] (bBb)[0, 1, 1]
 2003[22] (iiB)[0, 0, 0]
    ^(0 <- 4, 4)
    ^(4 <- 8, 4)
 2003[02] (iB)[0, 1]
    ^(0 <- 12, 4)

11815010, 1
 1003[02] (BBBi)[0, 1, 1, 0]
 2004[08] (ii)[6023, 5492]
 2004[30] (iB)[6023, 0]
 1001[01] (i)[5]
 2004[30] (iB)[6023, 1]